start,end,length
1,0,1332.836
2,17962,322.4629999999999
2,25091,500.211
3,24829,354.28700000000003
4,24342,755.2359999999999
4,5,123.33
5,24348,614.266
6,29335,60.005
6,21840,273.944
7,28491,745.451
7,28495,717.509
8,24297,1434.0300000000002
8,24286,510.94399999999996
10,943,20.892
11,10,423.64300000000003
12,24446,914.4689999999999
12,24448,386.66800000000006
13,26914,559.136
14,25039,301.8299999999999
25039,14,301.8299999999999
15,24809,23.616
24809,15,23.616
15,24794,204.14900000000003
16,23,230.40099999999998
16,1035,462.50899999999996
17,1088,202.052
1088,17,202.052
17,498,149.054
498,17,149.054
18,19,183.003
19,18,183.003
18,1110,205.36299999999997
1110,18,205.36299999999997
19,1088,849.393
1088,19,849.393
20,21211,206.073
21211,20,206.073
20,20999,82.33699999999999
20999,20,82.33699999999999
20,139,111.064
139,20,111.064
21,21213,17.372999999999998
21213,21,17.372999999999998
22,21214,122.46300000000001
21214,22,122.46300000000001
22,21206,187.36999999999998
21206,22,187.36999999999998
23,1035,240.74900000000002
23,498,100.99
498,23,100.99
24,27561,191.912
25,24732,293.854
25,22631,807.8420000000001
26,26774,23.442
26,25087,40.943
27,26890,14.515
26890,27,14.515
27,4339,203.42899999999997
27,12893,91.90599999999999
12893,27,91.90599999999999
28,26776,17.551
26776,28,17.551
28,26885,413.707
28,26920,51.194
26920,28,51.194
29,21455,398.079
29,21451,772.0390000000002
30,21428,191.03
31,32,788.0640000000002
32,21823,319.56100000000004
33,22382,361.353
34,14305,514.2379999999999
34,29065,963.6569999999999
35,36,194.893
36,21249,341.0159999999999
36,37,757.956
37,38,157.91400000000002
38,1397,322.106
38,39,593.8879999999999
39,21824,344.604
40,28964,356.592
41,28490,241.066
43,44,437.324
44,1165,193.96800000000002
45,22656,266.033
45,3,548.8340000000001
46,45,389.9789999999999
47,48,259.906
48,21264,355.077
48,49,620.1199999999999
49,26927,373.02900000000005
50,51,210.857
51,511,299.72
52,27514,342.845
54,1172,391.34700000000004
55,29177,305.96500000000003
55,56,408.4990000000001
56,8240,500.92499999999995
56,57,729.8810000000001
57,58,50.227
58,21247,415.567
58,59,661.153
59,60,388.063
60,21251,414.4319999999999
60,25460,1210.74
61,22383,167.503
61,1229,303.05400000000003
62,24689,275.9
62,63,393.471
63,22179,74.368
63,21422,1002.096
64,21423,334.331
64,21424,330.18399999999997
65,1225,309.52299999999997
65,66,996.623
66,67,200.177
67,1370,425.277
67,21449,524.495
68,47,649.0970000000001
68,21265,336.876
69,24828,65.918
70,24347,346.6610000000001
70,24350,183.25
72,24443,715.0440000000001
73,24452,287.635
73,944,330.35900000000004
74,463,238.702
75,76,420.81600000000003
75,81,227.464
76,77,421.40500000000003
77,112,227.06699999999998
78,26801,206.46300000000002
78,79,623.2370000000001
80,500,1329.86
81,742,723.6179999999997
742,81,723.6179999999997
81,76,205.906
81,82,88.743
82,81,88.743
82,79,290.351
82,21070,176.146
21070,82,176.146
82,26801,130.16199999999998
26801,82,130.16199999999998
82,21130,117.127
21130,82,117.127
83,21064,112.16300000000001
21064,83,112.16300000000001
83,21133,132.515
21133,83,132.515
83,22219,67.261
22219,83,67.261
83,21132,88.375
21132,83,88.375
84,21063,104.82000000000001
21063,84,104.82000000000001
84,905,131.407
905,84,131.407
84,21133,200.202
21133,84,200.202
84,21135,104.509
21135,84,104.509
85,21015,247.90099999999998
21015,85,247.90099999999998
85,21151,63.019999999999996
21151,85,63.019999999999996
86,13842,101.536
13842,86,101.536
86,21152,56.086
21152,86,56.086
86,13841,201.653
13841,86,201.653
87,26618,10.494
26618,87,10.494
87,443,203.724
88,131,34.144
88,28836,11.01
28836,88,11.01
88,114,197.928
89,28835,11.187
28835,89,11.187
89,90,34.45
89,113,197.025
113,89,197.025
90,28834,10.875
90,22183,174.798
91,28831,12.172
28831,91,12.172
91,28832,11.358
28832,91,11.358
91,22184,97.14
22184,91,97.14
91,22198,201.521
91,22191,109.815
22191,91,109.815
92,29361,4.549
29361,92,4.549
93,22186,101.904
22186,93,101.904
93,107,120.76599999999999
107,93,120.76599999999999
93,22147,134.35999999999999
22147,93,134.35999999999999
94,95,38.229
95,94,38.229
94,22190,102.471
94,1867,128.237
1867,94,128.237
95,101,203.371
95,113,202.589
113,95,202.589
96,100,201.72400000000002
96,97,132.506
97,96,132.506
97,115,202.497
97,98,124.26899999999999
98,97,124.26899999999999
98,26620,10.785
26620,98,10.785
98,117,202.499
99,97,201.12099999999998
99,26830,126.182
100,103,203.154
100,99,131.722
101,102,201.816
101,100,129.409
102,118,45.204
118,102,45.204
102,103,128.47299999999998
103,102,128.47299999999998
102,878,202.756
103,802,203.184
103,104,129.457
104,103,129.457
104,105,128.365
105,104,128.365
105,26621,8.955
26621,105,8.955
105,26830,202.811
106,1868,203.0
106,118,124.45599999999999
118,106,124.45599999999999
106,107,122.86699999999999
107,106,122.86699999999999
107,21056,202.375
108,21053,103.701
21053,108,103.701
108,801,204.158
801,108,204.158
108,255,147.39399999999998
255,108,147.39399999999998
108,815,84.169
815,108,84.169
109,110,31.309
110,109,31.309
109,815,83.557
815,109,83.557
110,807,29.216
110,806,85.54899999999999
806,110,85.54899999999999
111,816,238.82699999999997
111,28797,139.382
28797,111,139.382
111,799,127.766
799,111,127.766
112,1184,275.916
1184,112,275.916
112,711,209.291
112,682,113.273
682,112,113.273
113,114,131.227
114,113,131.227
114,115,129.97
115,114,129.97
116,88,131.139
117,26619,11.404
26619,117,11.404
118,94,406.865
119,21053,106.12899999999999
21053,119,106.12899999999999
119,21055,105.75299999999999
21055,119,105.75299999999999
120,21055,103.795
21055,120,103.795
120,28459,41.903999999999996
28459,120,41.903999999999996
121,3359,74.54899999999999
3359,121,74.54899999999999
121,22242,27.9
22242,121,27.9
121,462,57.81399999999999
462,121,57.81399999999999
122,16570,88.42
16570,122,88.42
122,123,89.569
123,122,89.569
124,21208,61.582
21208,124,61.582
124,290,109.21199999999999
290,124,109.21199999999999
125,27405,110.99
27405,125,110.99
125,27222,106.23899999999999
27222,125,106.23899999999999
125,1127,183.18799999999996
1127,125,183.18799999999996
125,1128,150.94299999999998
126,21100,112.332
21100,126,112.332
126,1127,39.759
1127,126,39.759
126,1122,103.644
1122,126,103.644
127,466,115.464
466,127,115.464
128,22251,227.17999999999998
128,19124,100.67800000000001
129,1852,174.44299999999998
1852,129,174.44299999999998
129,128,103.08099999999999
130,129,97.275
130,1853,174.49599999999998
1853,130,174.49599999999998
131,28837,11.061
28837,131,11.061
131,89,95.662
132,13839,104.03
13839,132,104.03
132,10704,201.75
10704,132,201.75
132,22243,101.58099999999999
22243,132,101.58099999999999
132,27646,99.06700000000001
27646,132,99.06700000000001
133,21272,102.888
21272,133,102.888
133,22254,102.2
22254,133,102.2
133,22268,100.67200000000001
22268,133,100.67200000000001
133,27640,200.18699999999998
27640,133,200.18699999999998
134,5474,205.571
5474,134,205.571
134,20999,126.64599999999999
20999,134,126.64599999999999
134,1088,43.673
1088,134,43.673
135,26806,33.862
135,26805,18.386000000000003
135,12274,103.624
12274,135,103.624
136,22366,199.97199999999998
22366,136,199.97199999999998
136,21706,106.994
21706,136,106.994
136,21244,168.311
21244,136,168.311
136,21245,101.066
21245,136,101.066
137,21194,101.948
21194,137,101.948
137,24983,201.547
24983,137,201.547
137,5186,285.233
5186,137,285.233
137,21683,400.0449999999999
21683,137,400.0449999999999
138,21961,198.87999999999997
21961,138,198.87999999999997
138,21194,99.142
21194,138,99.142
139,21000,85.025
21000,139,85.025
140,26808,9.711
26808,140,9.711
141,22375,202.007
22375,141,202.007
141,14271,285.198
14271,141,285.198
141,22341,99.763
22341,141,99.763
141,22324,200.51999999999998
22324,141,200.51999999999998
141,22325,101.162
22325,141,101.162
142,169,222.29600000000002
142,916,139.196
143,24232,141.189
143,144,121.71300000000001
144,981,141.285
144,145,122.698
145,146,80.02
145,156,141.936
146,147,43.025
147,148,123.028
148,7308,81.78
148,26448,142.11
149,300,291.258
300,149,291.258
150,149,15.885
150,160,142.11599999999999
151,159,142.284
152,162,142.362
162,152,142.362
152,207,140.545
207,152,140.545
152,151,134.192
153,163,143.44899999999998
163,153,143.44899999999998
154,153,43.477000000000004
154,244,140.33599999999998
155,144,142.038
155,156,122.60199999999999
156,155,122.60199999999999
155,158,119.598
156,23461,129.463
157,171,32.391
158,170,18.473
170,158,18.473
158,143,141.726
159,162,133.409
160,159,139.583
161,166,143.541
166,161,143.541
161,160,16.971999999999998
161,149,146.66400000000002
162,163,87.11000000000001
162,28091,8.108
28091,162,8.108
164,24832,40.346000000000004
164,154,143.06599999999997
165,207,133.75400000000002
166,167,73.418
166,26818,29.489
26818,166,29.489
167,24353,13.208
167,161,133.503
168,21620,12.903
168,21622,137.435
169,143,20.969
169,170,141.191
170,21579,130.327
170,23809,232.257
171,23459,130.01000000000002
23459,171,130.01000000000002
171,156,48.411
172,24459,9.209
24459,172,9.209
172,21491,9.856
21491,172,9.856
172,21507,131.138
173,24460,89.397
174,21494,13.774
175,174,89.991
176,21495,13.212
21495,176,13.212
176,184,193.678
184,176,193.678
176,175,93.873
177,176,112.04100000000001
177,5931,115.70100000000001
178,24460,181.063
179,180,80.82700000000001
180,179,80.82700000000001
179,188,89.434
188,179,89.434
180,185,99.127
185,180,99.127
180,24459,448.9569999999999
24459,180,448.9569999999999
184,778,119.039
778,184,119.039
185,186,102.127
186,185,102.127
186,187,99.169
187,186,99.169
187,191,104.606
191,187,104.606
187,190,210.85600000000002
190,187,210.85600000000002
188,189,92.356
189,188,92.356
188,185,123.00399999999999
191,24787,14.26
24787,191,14.26
191,192,122.671
192,191,122.671
191,778,273.803
778,191,273.803
192,193,97.346
193,192,97.346
193,10473,158.21
10473,193,158.21
196,24248,94.97799999999998
24248,196,94.97799999999998
196,12988,109.975
196,197,112.81599999999999
197,196,112.81599999999999
197,20964,94.568
20964,197,94.568
198,199,12.352
198,200,141.218
199,165,138.53500000000003
200,24840,51.099000000000004
201,200,17.036
201,199,141.099
202,201,140.42300000000003
203,21627,124.48099999999998
204,202,127.20400000000001
204,203,22.088
205,21500,13.966
21500,205,13.966
205,25649,56.617999999999995
25649,205,56.617999999999995
205,270,152.33800000000002
206,21497,11.303
206,27171,298.21
207,208,142.89499999999998
208,207,142.89499999999998
207,244,131.169
209,165,141.385
210,211,135.879
210,209,142.06799999999998
211,245,133.981
245,211,133.981
211,236,130.68
212,21105,71.874
212,210,129.04
213,212,139.193
214,24280,543.857
215,981,122.826
216,215,141.192
216,241,123.11600000000001
217,216,142.403
217,982,122.133
218,217,143.086
218,251,120.836
219,984,122.249
219,218,138.65099999999998
220,262,117.81799999999998
220,1075,129.742
222,22792,254.527
223,22783,497.993
224,22781,314.463
224,22780,741.8679999999999
225,22878,489.35299999999995
226,26919,171.327
227,24443,929.049
227,24441,1209.247
228,21517,212.809
229,21515,397.083
229,24442,873.1010000000001
230,229,898.261
231,24199,1197.939
232,233,300.274
233,1339,312.836
233,234,716.2240000000002
234,2968,204.97600000000003
234,25471,990.4570000000002
235,21561,278.483
21561,235,278.483
235,21543,342.28800000000007
236,248,138.306
238,217,122.355
238,251,140.981
251,238,140.981
240,239,121.492
240,243,141.98299999999998
241,242,141.553
242,241,141.553
241,240,123.12399999999998
242,215,123.842
243,148,141.017
243,242,122.972
244,243,121.326
245,246,139.186
246,245,139.186
246,1075,141.05700000000002
1075,246,141.05700000000002
249,237,139.72700000000003
250,249,138.85399999999998
250,28708,125.807
251,249,124.734
252,253,122.592
253,263,15.394
253,254,122.699
254,264,15.423
264,254,15.423
254,25746,122.616
255,25188,202.735
25188,255,202.735
255,21052,101.856
21052,255,101.856
255,26621,120.201
26621,255,120.201
256,21150,138.442
21150,256,138.442
256,21016,103.53
21016,256,103.53
257,27133,143.06900000000002
257,258,187.106
258,266,16.871
258,259,141.94500000000002
258,972,237.542
972,258,237.542
259,28716,224.74900000000002
259,260,139.631
260,268,20.879
260,28717,21.608
261,24841,14.048
261,1075,118.063
262,252,14.522
262,261,121.92
263,262,122.276
263,1073,118.40299999999999
264,1074,120.85900000000001
264,263,122.955
265,257,13.338
265,25745,120.04899999999998
266,265,164.881
266,985,112.80799999999999
267,29193,9.343
267,21585,11.16
268,983,119.896
268,267,139.046
269,21583,21.203
269,28304,21.797
270,206,13.928
271,28037,19.647
272,277,121.066
277,272,121.066
273,20992,89.096
274,1008,90.40899999999999
275,274,89.497
276,275,88.64600000000002
278,279,89.37
278,20992,122.026
279,26366,113.522
280,26364,112.59100000000001
280,997,89.71399999999998
281,282,90.68199999999999
283,562,110.87700000000001
562,283,110.87700000000001
285,21219,124.603
286,492,113.92799999999998
288,18523,125.24199999999999
18523,288,125.24199999999999
288,26363,114.05199999999999
289,27242,101.863
289,27243,23.659
27243,289,23.659
289,1136,168.87899999999996
1136,289,168.87899999999996
290,1179,142.772
1179,290,142.772
290,21209,106.872
21209,290,106.872
290,469,172.48999999999998
469,290,172.48999999999998
291,292,125.53200000000001
292,291,125.53200000000001
292,293,14.427
293,292,14.427
292,25062,322.74899999999997
293,307,185.399
293,312,84.935
312,293,84.935
294,951,15.194
951,294,15.194
294,310,141.183
295,23639,232.157
295,2626,80.748
2626,295,80.748
295,12038,298.38599999999997
12038,295,298.38599999999997
295,926,307.882
926,295,307.882
296,952,15.262
952,296,15.262
297,26753,12.512
26753,297,12.512
298,21618,16.124
21618,298,16.124
298,24272,192.683
298,24369,65.531
299,24838,241.007
24838,299,241.007
299,21619,295.762
21619,299,295.762
299,929,269.709
929,299,269.709
299,21618,625.9609999999999
21618,299,625.9609999999999
300,1015,270.71000000000004
1015,300,270.71000000000004
300,301,282.572
301,300,282.572
301,21600,390.42100000000005
301,24809,272.272
24809,301,272.272
302,23311,160.345
23311,302,160.345
302,21511,48.191
303,15189,64.357
15189,303,64.357
303,11243,198.931
11243,303,198.931
303,23890,129.217
23890,303,129.217
304,2141,85.066
2141,304,85.066
304,24982,163.44
24982,304,163.44
304,2887,251.48200000000003
2887,304,251.48200000000003
304,2149,83.978
2149,304,83.978
305,666,111.004
305,2886,40.016999999999996
2886,305,40.016999999999996
305,27686,42.071
27686,305,42.071
306,24265,11.821
24265,306,11.821
306,24261,140.163
306,27582,139.055
307,21885,19.456
21885,307,19.456
307,308,178.497
307,25065,133.959
25065,307,133.959
308,21617,17.842
309,308,19.35
310,21117,14.98
21117,310,14.98
310,23638,130.849
311,24261,12.143
24261,311,12.143
311,928,179.26
928,311,179.26
312,25064,454.906
25064,312,454.906
312,25063,87.437
25063,312,87.437
313,23884,101.764
23884,313,101.764
313,24894,100.878
24894,313,100.878
313,24902,200.817
24902,313,200.817
313,24927,101.78599999999999
24927,313,101.78599999999999
314,25355,204.145
314,23821,190.76100000000002
23821,314,190.76100000000002
314,25350,17.695999999999998
25350,314,17.695999999999998
315,28875,114.531
28875,315,114.531
315,53,369.251
315,1167,47.748
1167,315,47.748
316,21313,125.714
21313,316,125.714
316,27507,90.416
27507,316,90.416
316,21960,99.746
21960,316,99.746
316,29345,58.586999999999996
29345,316,58.586999999999996
317,511,142.237
511,317,142.237
317,21310,101.435
21310,317,101.435
317,509,42.247
509,317,42.247
317,1199,66.502
1199,317,66.502
318,1020,143.027
1020,318,143.027
318,21840,72.15
21840,318,72.15
318,1067,151.019
1067,318,151.019
318,21868,96.98599999999999
21868,318,96.98599999999999
319,24325,117.363
24325,319,117.363
319,18130,123.04499999999999
18130,319,123.04499999999999
319,21398,129.267
21398,319,129.267
319,21397,95.009
21397,319,95.009
319,1090,149.02299999999997
1090,319,149.02299999999997
320,353,101.675
353,320,101.675
320,346,201.45799999999997
346,320,201.45799999999997
321,14877,62.448
14877,321,62.448
321,11285,109.96000000000001
11285,321,109.96000000000001
321,21260,171.13299999999998
21260,321,171.13299999999998
321,25869,89.981
25869,321,89.981
322,1017,50.458
1017,322,50.458
322,23666,80.011
322,646,120.71000000000001
646,322,120.71000000000001
323,23978,219.418
23978,323,219.418
323,27836,103.657
27836,323,103.657
323,23976,84.63599999999998
23976,323,84.63599999999998
323,23982,97.207
23982,323,97.207
324,10840,127.81700000000001
10840,324,127.81700000000001
324,1211,17.168
324,22985,47.47
22985,324,47.47
325,27938,112.30699999999999
27938,325,112.30699999999999
325,27939,86.28
326,9546,78.87400000000001
9546,326,78.87400000000001
326,9547,14.838
9547,326,14.838
327,21309,62.803
21309,327,62.803
328,23299,47.047
23299,328,47.047
328,3726,99.19999999999999
3726,328,99.19999999999999
328,9545,102.427
9545,328,102.427
329,2707,102.21799999999999
2707,329,102.21799999999999
329,17018,97.81299999999999
17018,329,97.81299999999999
329,13154,100.11
330,2707,101.19500000000001
2707,330,101.19500000000001
330,22975,101.55099999999999
22975,330,101.55099999999999
330,9702,201.236
9702,330,201.236
330,20056,101.03199999999998
20056,330,101.03199999999998
331,25978,9.934
25978,331,9.934
331,23288,84.38499999999999
331,6219,95.77499999999999
6219,331,95.77499999999999
332,21366,59.56399999999999
21366,332,59.56399999999999
332,26694,94.594
26694,332,94.594
332,25766,495.80400000000003
25766,332,495.80400000000003
332,21236,113.783
21236,332,113.783
333,23297,155.32199999999997
23297,333,155.32199999999997
333,23054,105.457
23054,333,105.457
333,18356,108.19299999999998
18356,333,108.19299999999998
334,21975,199.064
21975,334,199.064
334,21976,84.7
21976,334,84.7
334,28992,90.493
28992,334,90.493
334,22368,101.30799999999999
22368,334,101.30799999999999
335,28588,761.2059999999999
335,20469,264.42
20469,335,264.42
336,28396,67.207
336,23363,45.068
23363,336,45.068
337,23076,133.246
337,472,816.3679999999999
338,11081,204.467
11081,338,204.467
338,21190,75.607
21190,338,75.607
338,26733,101.844
339,26736,13.946
26736,339,13.946
339,27422,101.722
340,26379,12.57
26379,340,12.57
341,21380,99.81400000000001
21380,341,99.81400000000001
341,21189,484.051
21189,341,484.051
342,21376,100.03399999999999
21376,342,100.03399999999999
342,456,112.30899999999998
456,342,112.30899999999998
342,21375,101.17599999999999
21375,342,101.17599999999999
343,21094,103.17099999999999
21094,343,103.17099999999999
343,27635,202.97599999999997
27635,343,202.97599999999997
343,27649,184.33799999999997
27649,343,184.33799999999997
344,21191,100.63099999999999
21191,344,100.63099999999999
345,14490,99.55099999999999
14490,345,99.55099999999999
345,13675,101.29299999999999
13675,345,101.29299999999999
346,21361,49.842
346,21190,123.612
21190,346,123.612
347,28080,27.887
28080,347,27.887
347,28079,27.941
28079,347,27.941
347,16824,201.28699999999998
16824,347,201.28699999999998
348,15955,95.93199999999999
15955,348,95.93199999999999
348,28157,91.00800000000001
28157,348,91.00800000000001
348,25899,84.836
25899,348,84.836
348,28156,38.405
28156,348,38.405
349,21384,84.313
21384,349,84.313
349,21383,202.173
21383,349,202.173
350,11072,403.543
11072,350,403.543
350,21367,100.81499999999998
21367,350,100.81499999999998
350,21191,101.261
21191,350,101.261
351,22606,102.475
22606,351,102.475
351,22922,129.718
22922,351,129.718
351,21304,176.76799999999997
21304,351,176.76799999999997
352,11081,302.295
11081,352,302.295
352,21305,141.43200000000002
21305,352,141.43200000000002
352,21306,254.09
21306,352,254.09
352,11080,155.201
11080,352,155.201
353,21390,15.94
21390,353,15.94
353,354,142.97099999999998
354,353,142.97099999999998
353,21308,54.503
21308,353,54.503
354,11087,117.562
354,6218,135.376
6218,354,135.376
355,19103,83.003
19103,355,83.003
355,25903,70.943
25903,355,70.943
356,357,164.225
357,356,164.225
356,21292,106.755
21292,356,106.755
356,19466,71.764
19466,356,71.764
356,21291,46.018
21291,356,46.018
357,3351,26.601
3351,357,26.601
357,24665,107.01800000000001
24665,357,107.01800000000001
357,21290,181.249
21290,357,181.249
358,19484,210.924
19484,358,210.924
358,21288,99.49799999999999
21288,358,99.49799999999999
358,13830,96.223
13830,358,96.223
358,21287,82.608
21287,358,82.608
359,18738,169.77599999999998
18738,359,169.77599999999998
359,508,39.14
508,359,39.14
360,27515,60.278999999999996
27515,360,60.278999999999996
360,22358,286.489
22358,360,286.489
360,22352,102.13
22352,360,102.13
360,1175,58.867
1175,360,58.867
360,22351,204.57000000000002
22351,360,204.57000000000002
360,28922,34.945
28922,360,34.945
361,13667,123.82499999999999
13667,361,123.82499999999999
361,23052,129.846
23052,361,129.846
361,21365,131.9
21365,361,131.9
361,4311,245.293
4311,361,245.293
362,21365,237.70799999999997
21365,362,237.70799999999997
362,27434,73.816
27434,362,73.816
362,24669,151.04600000000002
24669,362,151.04600000000002
362,22654,124.251
22654,362,124.251
363,26375,13.288
26375,363,13.288
364,488,84.44999999999999
488,364,84.44999999999999
365,21299,86.203
21299,365,86.203
366,21299,67.336
21299,366,67.336
366,18732,87.246
18732,366,87.246
366,1084,100.39500000000001
1084,366,100.39500000000001
367,22989,124.074
22989,367,124.074
367,24813,47.399
24813,367,47.399
367,21404,41.968999999999994
21404,367,41.968999999999994
367,24812,56.74499999999999
24812,367,56.74499999999999
368,21222,55.272999999999996
21222,368,55.272999999999996
368,21223,114.922
21223,368,114.922
368,21225,51.039
21225,368,51.039
368,12740,109.462
12740,368,109.462
369,934,111.431
934,369,111.431
369,11640,91.317
11640,369,91.317
369,8792,120.256
8792,369,120.256
370,26370,13.072
26370,370,13.072
370,562,116.67
562,370,116.67
371,21487,33.423
21487,371,33.423
371,21539,252.53400000000002
21539,371,252.53400000000002
371,8999,57.743
8999,371,57.743
371,22075,167.021
22075,371,167.021
372,16579,183.73599999999996
16579,372,183.73599999999996
372,28449,37.275
372,21705,57.467
21705,372,57.467
372,29057,169.995
29057,372,169.995
373,28092,16.573
28092,373,16.573
373,23790,80.985
23790,373,80.985
373,27063,78.525
374,5006,100.135
5006,374,100.135
374,5900,202.26
5900,374,202.26
374,22512,101.533
22512,374,101.533
374,21489,278.37300000000005
21489,374,278.37300000000005
375,17874,203.315
17874,375,203.315
375,24918,39.736
24918,375,39.736
375,22510,62.393
22510,375,62.393
376,12947,47.354
12947,376,47.354
376,21469,58.377
21469,376,58.377
376,21468,168.542
21468,376,168.542
377,21468,226.932
21468,377,226.932
377,25467,110.894
25467,377,110.894
377,21467,103.26499999999999
21467,377,103.26499999999999
378,23841,118.534
23841,378,118.534
378,21472,189.291
21472,378,189.291
378,22927,128.228
22927,378,128.228
378,384,74.453
384,378,74.453
379,13000,205.972
13000,379,205.972
379,21818,96.372
21818,379,96.372
379,28629,102.892
28629,379,102.892
380,27215,17.425
380,25154,82.322
381,22013,200.01799999999997
22013,381,200.01799999999997
381,25159,14.16
25159,381,14.16
381,21756,204.589
382,21898,580.963
21898,382,580.963
382,21899,119.69799999999998
21899,382,119.69799999999998
382,27516,59.893
27516,382,59.893
382,21988,77.67699999999999
21988,382,77.67699999999999
383,28074,12.799
28074,383,12.799
383,25525,160.479
25525,383,160.479
383,22898,66.57900000000001
384,11558,190.862
11558,384,190.862
384,22927,82.35199999999999
22927,384,82.35199999999999
384,25129,162.368
385,14754,16.08
14754,385,16.08
385,21704,162.582
21704,385,162.582
385,425,103.662
425,385,103.662
385,21692,84.939
21692,385,84.939
386,21433,100.883
21433,386,100.883
386,21432,100.15
21432,386,100.15
386,21435,202.24699999999999
21435,386,202.24699999999999
386,21436,100.614
21436,386,100.614
387,13033,101.076
13033,387,101.076
387,10187,101.553
10187,387,101.553
387,21903,101.673
21903,387,101.673
387,19981,203.42800000000003
19981,387,203.42800000000003
388,21478,1393.5320000000002
389,390,147.991
389,1316,391.185
390,21821,342.8739999999999
390,391,610.5529999999999
391,33,292.459
392,393,914.0720000000001
393,21703,298.32099999999997
393,21702,249.08499999999998
394,25020,289.365
394,1054,1260.5459999999998
396,22144,92.84899999999999
22144,396,92.84899999999999
397,22028,102.20500000000001
22028,397,102.20500000000001
397,15278,99.49600000000001
15278,397,99.49600000000001
398,5160,135.27599999999998
5160,398,135.27599999999998
398,22032,129.06799999999998
399,22004,55.17999999999999
22004,399,55.17999999999999
399,22005,79.964
399,14036,43.900000000000006
14036,399,43.900000000000006
400,25842,19.433
400,21668,118.44999999999999
401,696,370.269
403,698,302.936
404,22574,100.713
22574,404,100.713
404,22731,102.375
22731,404,102.375
404,23819,105.531
23819,404,105.531
404,22730,203.13099999999997
22730,404,203.13099999999997
405,23225,204.446
23225,405,204.446
405,22515,105.949
22515,405,105.949
405,23226,142.677
23226,405,142.677
405,22516,209.918
22516,405,209.918
405,26214,295.818
26214,405,295.818
406,12129,317.061
12129,406,317.061
406,21854,102.13
21854,406,102.13
406,10182,200.466
406,580,99.69
580,406,99.69
407,580,118.193
580,407,118.193
407,24682,263.41
408,25128,11.02
25128,408,11.02
408,16774,178.438
16774,408,178.438
408,21657,97.779
409,22081,206.61999999999998
22081,409,206.61999999999998
409,1186,118.61599999999999
1186,409,118.61599999999999
410,22586,37.379
22586,410,37.379
410,27924,95.059
27924,410,95.059
410,10621,150.718
10621,410,150.718
410,8979,197.90699999999998
8979,410,197.90699999999998
411,22445,99.818
22445,411,99.818
411,20710,202.617
411,22444,102.06800000000001
22444,411,102.06800000000001
412,23831,38.337
23831,412,38.337
412,24939,31.328
24939,412,31.328
412,12122,201.625
413,22306,203.926
413,3734,96.15
3734,413,96.15
414,21325,101.25999999999999
21325,414,101.25999999999999
414,21340,203.914
21340,414,203.914
414,21324,100.672
21324,414,100.672
414,21326,101.54599999999999
21326,414,101.54599999999999
415,9729,200.93200000000002
415,21014,66.952
21014,415,66.952
416,21958,271.39399999999995
21958,416,271.39399999999995
416,22049,289.469
22049,416,289.469
416,22047,105.728
22047,416,105.728
416,21703,182.54
21703,416,182.54
417,22080,108.667
22080,417,108.667
417,21941,101.03299999999999
21941,417,101.03299999999999
417,22020,99.243
22020,417,99.243
418,9721,101.42599999999999
9721,418,101.42599999999999
418,771,203.742
771,418,203.742
418,22018,201.043
22018,418,201.043
419,697,85.92399999999999
419,26065,60.327000000000005
26065,419,60.327000000000005
419,685,29.855000000000004
685,419,29.855000000000004
420,25130,12.222
25130,420,12.222
420,25520,191.09099999999998
25520,420,191.09099999999998
420,25133,88.18799999999999
421,25181,83.94
25181,421,83.94
421,17194,100.313
17194,421,100.313
421,23583,100.709
23583,421,100.709
421,13446,150.781
13446,421,150.781
422,21895,162.707
21895,422,162.707
422,22095,405.068
22095,422,405.068
422,21896,813.3749999999999
21896,422,813.3749999999999
422,22046,201.45399999999998
22046,422,201.45399999999998
423,23838,202.208
23838,423,202.208
423,2323,96.553
2323,423,96.553
423,28616,200.163
28616,423,200.163
424,10281,96.926
10281,424,96.926
424,23835,201.52999999999997
23835,424,201.52999999999997
424,26935,66.817
26935,424,66.817
425,26165,140.397
26165,425,140.397
425,21692,60.602
21692,425,60.602
425,426,117.30499999999999
426,425,117.30499999999999
426,427,77.088
427,426,77.088
427,6143,238.41799999999998
6143,427,238.41799999999998
427,26165,101.51599999999999
26165,427,101.51599999999999
427,22134,150.35999999999999
22134,427,150.35999999999999
428,6052,32.467
6052,428,32.467
428,23254,28.628
23254,428,28.628
428,23252,86.318
23252,428,86.318
428,9377,184.47899999999998
9377,428,184.47899999999998
429,23254,6.45
23254,429,6.45
429,23304,278.846
430,16808,271.14799999999997
16808,430,271.14799999999997
430,21614,354.969
21614,430,354.969
431,18124,48.254000000000005
18124,431,48.254000000000005
431,21614,174.63199999999998
21614,431,174.63199999999998
432,19452,112.187
432,9004,103.20599999999999
9004,432,103.20599999999999
432,25428,128.12199999999999
25428,432,128.12199999999999
433,23866,94.929
23866,433,94.929
433,21787,114.066
21787,433,114.066
433,29289,102.827
433,21793,119.28
21793,433,119.28
434,439,17.356
439,434,17.356
434,21780,23.879
434,25659,40.208
25659,434,40.208
435,21771,17.713
21771,435,17.713
435,25167,106.167
436,21043,77.10499999999999
436,437,81.679
437,21048,44.208
438,21785,17.366
21785,438,17.366
438,21786,41.91
439,21784,83.52
440,21773,18.11
21773,440,18.11
440,25665,40.873
440,2512,192.538
2512,440,192.538
441,842,98.898
842,441,98.898
441,846,105.72299999999998
846,441,105.72299999999998
442,25189,206.02
25189,442,206.02
442,26393,331.486
26393,442,331.486
442,26624,153.253
26624,442,153.253
442,811,94.306
811,442,94.306
443,26617,10.776
26617,443,10.776
443,14714,96.37899999999999
14714,443,96.37899999999999
444,26612,10.273
26612,444,10.273
444,22293,102.15
445,446,23.9
445,21045,146.477
446,25163,8.003
446,25166,11.221
447,21034,88.655
21034,447,88.655
447,448,94.21600000000001
448,447,94.21600000000001
448,3345,36.718
3345,448,36.718
448,21033,109.36500000000001
21033,448,109.36500000000001
448,453,105.133
453,448,105.133
449,25197,202.17300000000003
449,453,170.422
453,449,170.422
450,25714,192.48199999999997
25714,450,192.48199999999997
451,21801,48.94
21801,451,48.94
451,21799,100.982
21799,451,100.982
451,14670,401.452
14670,451,401.452
452,21007,170.94
21007,452,170.94
452,21805,35.326
21805,452,35.326
452,21804,199.207
21804,452,199.207
453,740,204.224
740,453,204.224
453,21805,165.45
21805,453,165.45
454,747,112.808
747,454,112.808
454,736,133.055
736,454,133.055
454,688,64.44500000000001
688,454,64.44500000000001
455,27189,69.386
27189,455,69.386
455,26126,68.858
26126,455,68.858
456,1179,84.789
1179,456,84.789
457,22320,101.65299999999999
22320,457,101.65299999999999
457,25831,101.697
25831,457,101.697
458,26720,10.335
26720,458,10.335
459,1175,152.84
1175,459,152.84
459,21229,377.799
21229,459,377.799
459,1162,270.895
1162,459,270.895
460,3617,99.553
3617,460,99.553
463,939,230.03799999999998
463,464,67.49
464,463,67.49
464,26803,63.759
26803,464,63.759
464,941,40.576
465,1123,202.07999999999998
1123,465,202.07999999999998
465,1115,100.878
1115,465,100.878
465,1142,122.922
1142,465,122.922
465,1121,98.357
1121,465,98.357
466,1182,122.992
1182,466,122.992
466,1122,99.401
1122,466,99.401
467,26816,107.34799999999998
26816,467,107.34799999999998
467,21097,100.09700000000001
21097,467,100.09700000000001
468,22289,28.32
22289,468,28.32
471,21088,114.286
21088,471,114.286
471,936,223.40699999999998
936,471,223.40699999999998
472,23482,1263.498
473,28967,439.74
474,24203,232.354
474,24200,339.20099999999996
475,476,1158.5410000000002
476,24886,397.145
476,24591,1055.467
477,528,285.957
478,23451,914.227
479,23483,314.8
480,24201,1177.815
481,480,1027.556
482,521,43.659
521,482,43.659
482,21358,117.91999999999999
21358,482,117.91999999999999
483,26380,12.022
26380,483,12.022
483,494,95.423
484,21354,88.43
21354,484,88.43
484,21353,71.773
21353,484,71.773
484,6217,120.10199999999999
6217,484,120.10199999999999
485,26375,116.371
26375,485,116.371
485,22609,119.37799999999999
22609,485,119.37799999999999
485,20984,86.10000000000001
20984,485,86.10000000000001
486,25909,58.13399999999999
487,27824,72.777
27824,487,72.777
488,27208,74.041
27208,488,74.041
489,6496,91.982
491,24239,18.489
24239,491,18.489
492,26365,15.746
492,1003,91.59
493,340,193.367
494,496,18.178
496,494,18.178
494,501,356.6530000000001
495,496,294.94199999999995
496,26380,101.56300000000002
497,25787,254.872
497,502,572.177
498,499,269.007
499,497,975.5409999999999
500,498,212.355
500,499,472.42600000000004
501,1082,68.907
501,1081,66.901
502,1079,574.521
503,504,411.57900000000006
504,25699,5.609
504,29229,2.652
505,16,987.7459999999999
506,24245,149.64299999999997
24245,506,149.64299999999997
506,21372,55.672999999999995
21372,506,55.672999999999995
507,23313,99.77100000000002
23313,507,99.77100000000002
507,21193,101.064
21193,507,101.064
508,21288,58.492999999999995
21288,508,58.492999999999995
509,21315,263.243
21315,509,263.243
511,21313,136.452
21313,511,136.452
512,20998,46.149
20998,512,46.149
512,28162,299.633
28162,512,299.633
512,21316,156.46099999999998
21316,512,156.46099999999998
512,25667,422.105
25667,512,422.105
513,29345,25.705
29345,513,25.705
513,27064,32.182
27064,513,32.182
513,25766,126.99
25766,513,126.99
514,2439,99.69099999999999
2439,514,99.69099999999999
514,22352,101.044
22352,514,101.044
514,21280,102.958
21280,514,102.958
514,1880,203.071
515,22300,100.78999999999999
22300,515,100.78999999999999
515,22355,102.448
22355,515,102.448
515,22295,200.819
22295,515,200.819
515,22310,200.627
22310,515,200.627
516,6083,169.509
6083,516,169.509
516,21706,96.059
21706,516,96.059
516,22380,72.167
22380,516,72.167
517,3353,100.957
3353,517,100.957
517,21679,100.35999999999999
21679,517,100.35999999999999
517,22366,202.095
22366,517,202.095
518,26486,201.851
26486,518,201.851
519,14878,49.81
14878,519,49.81
519,15956,92.52799999999999
15956,519,92.52799999999999
519,25899,101.69699999999999
25899,519,101.69699999999999
519,25869,340.62399999999997
25869,519,340.62399999999997
520,3820,102.36699999999999
3820,520,102.36699999999999
520,21192,201.82799999999997
21192,520,201.82799999999997
520,21201,200.44899999999998
21201,520,200.44899999999998
520,11073,202.139
11073,520,202.139
521,10830,74.54899999999999
10830,521,74.54899999999999
522,23843,100.79899999999999
23843,522,100.79899999999999
522,21383,202.70700000000002
21383,522,202.70700000000002
522,21676,202.62800000000001
21676,522,202.62800000000001
523,21294,196.578
21294,523,196.578
523,524,100.78699999999999
524,523,100.78699999999999
523,21295,16.307
21295,523,16.307
524,21293,80.61699999999999
21293,524,80.61699999999999
524,24670,120.6
24670,524,120.6
525,23872,467.761
526,25008,386.068
526,527,1161.798
527,19938,2544.651000000001
528,23449,817.1610000000001
529,6377,129.065
6377,529,129.065
529,22758,96.351
22758,529,96.351
529,539,140.654
539,529,140.654
530,23956,19.203
23956,530,19.203
530,23955,152.94400000000002
530,18651,140.314
18651,530,140.314
531,537,10.233
537,531,10.233
531,1160,210.69400000000002
531,23867,259.858
23867,531,259.858
532,534,133.557
534,532,133.557
532,17871,133.065
17871,532,133.065
533,24013,101.896
534,533,311.753
534,17862,136.863
17862,534,136.863
535,28089,28.756999999999998
28089,535,28.756999999999998
535,537,116.17699999999999
537,535,116.17699999999999
535,24025,105.945
24025,535,105.945
535,25697,40.004
536,23957,326.33299999999997
537,536,80.256
538,26763,12.416
26763,538,12.416
538,26764,262.789
539,29288,92.395
29288,539,92.395
539,21114,131.465
21114,539,131.465
539,9778,203.61899999999997
9778,539,203.61899999999997
540,24452,89.569
541,24457,16.043
542,544,30.335
544,542,30.335
542,21630,65.744
21630,542,65.744
542,1155,203.119
543,2458,255.24299999999997
2458,543,255.24299999999997
543,23626,102.209
544,1154,130.78099999999998
1154,544,130.78099999999998
544,23632,206.49599999999998
545,23892,203.992
545,546,134.524
546,12430,134.59
546,23561,38.41
547,22830,39.277
22830,547,39.277
547,22825,76.64299999999999
548,27535,119.761
548,26268,86.51800000000001
549,545,39.148
549,24986,134.168
550,635,43.441
635,550,43.441
550,12804,98.191
12804,550,98.191
550,19794,201.926
551,20493,160.333
20493,551,160.333
551,20849,99.738
552,26056,12.98
26056,552,12.98
552,23571,70.711
553,18653,130.679
18653,553,130.679
553,26458,106.41
26458,553,106.41
553,4609,101.294
4609,553,101.294
553,23848,148.854
23848,553,148.854
554,23868,16.91
23868,554,16.91
554,25849,268.50100000000003
555,4610,202.857
4610,555,202.857
555,26010,195.358
26010,555,195.358
555,12131,132.75
12131,555,132.75
555,24178,96.829
24178,555,96.829
556,18658,133.66
18658,556,133.66
556,23893,425.613
23893,556,425.613
556,23907,608.284
23907,556,608.284
556,23901,175.60799999999998
23901,556,175.60799999999998
557,558,37.791
558,557,37.791
557,23563,91.72999999999999
557,24128,204.692
24128,557,204.692
558,23562,133.365
558,24000,161.039
24000,558,161.039
559,18656,133.886
18656,559,133.886
559,23907,202.565
23907,559,202.565
559,23906,201.59199999999998
23906,559,201.59199999999998
559,26009,90.77499999999999
26009,559,90.77499999999999
560,1144,90.49799999999999
1144,560,90.49799999999999
560,21629,179.463
21629,560,179.463
560,1154,169.933
1154,560,169.933
560,16299,144.49099999999999
16299,560,144.49099999999999
561,22774,372.34200000000004
561,21935,137.506
21935,561,137.506
561,2794,87.945
2794,561,87.945
562,21221,124.77299999999998
21221,562,124.77299999999998
562,10821,93.407
10821,562,93.407
563,22206,100.22899999999998
22206,563,100.22899999999998
563,22273,105.269
22273,563,105.269
563,27390,102.392
27390,563,102.392
563,27458,73.449
27458,563,73.449
564,29247,126.159
29247,564,126.159
564,27457,175.478
565,21253,100.928
21253,565,100.928
565,22236,203.10299999999998
22236,565,203.10299999999998
565,29066,101.696
29066,565,101.696
565,21252,132.375
21252,565,132.375
566,21908,101.00200000000001
21908,566,101.00200000000001
566,11955,100.133
11955,566,100.133
567,22563,95.154
22563,567,95.154
567,22523,101.952
22523,567,101.952
567,21918,214.564
21918,567,214.564
567,22564,137.44799999999998
22564,567,137.44799999999998
568,3584,134.296
3584,568,134.296
568,16217,101.606
16217,568,101.606
568,27369,200.012
27369,568,200.012
568,27368,202.516
27368,568,202.516
569,23878,100.31
23878,569,100.31
569,21910,103.15199999999999
21910,569,103.15199999999999
569,21911,199.567
21911,569,199.567
569,21912,102.454
21912,569,102.454
570,23886,101.619
23886,570,101.619
570,16384,202.714
16384,570,202.714
570,23936,100.96099999999998
23936,570,100.96099999999998
570,23937,101.18100000000001
23937,570,101.18100000000001
571,23092,101.981
23092,571,101.981
571,9616,166.90200000000002
571,13238,102.538
13238,571,102.538
572,23096,44.281
23096,572,44.281
572,27435,57.778999999999996
27435,572,57.778999999999996
572,28954,63.769999999999996
28954,572,63.769999999999996
572,28953,76.033
28953,572,76.033
573,25079,10.816
25079,573,10.816
573,20866,102.63300000000001
20866,573,102.63300000000001
574,21687,730.794
21687,574,730.794
574,22549,454.812
22549,574,454.812
574,27437,759.6899999999999
27437,574,759.6899999999999
575,23107,47.026
23107,575,47.026
575,23108,71.064
23108,575,71.064
576,28405,41.726
28405,576,41.726
576,24770,11.428
24770,576,11.428
576,24769,22.919
24769,576,22.919
576,27439,42.807
27439,576,42.807
577,14030,100.102
14030,577,100.102
577,21336,102.336
21336,577,102.336
577,1376,203.516
1376,577,203.516
578,17481,203.378
17481,578,203.378
578,22153,101.66599999999998
22153,578,101.66599999999998
578,22164,100.24300000000001
22164,578,100.24300000000001
578,18431,201.95
18431,578,201.95
579,22229,148.572
22229,579,148.572
579,27342,175.41
27342,579,175.41
579,22167,101.52199999999999
22167,579,101.52199999999999
579,27341,101.077
27341,579,101.077
580,21850,99.58399999999999
21850,580,99.58399999999999
580,28873,67.435
28873,580,67.435
581,21852,119.606
21852,581,119.606
581,8986,119.942
8986,581,119.942
581,19500,172.018
19500,581,172.018
581,582,239.89
582,581,239.89
582,21857,203.511
21857,582,203.511
582,13030,102.13900000000001
13030,582,102.13900000000001
582,10184,102.785
10184,582,102.785
583,20073,101.23
20073,583,101.23
583,7635,100.875
7635,583,100.875
583,16863,207.582
16863,583,207.582
584,3170,101.239
3170,584,101.239
584,9025,202.327
584,598,101.243
598,584,101.243
585,16583,202.17199999999997
585,21283,101.292
21283,585,101.292
585,21282,101.07
21282,585,101.07
586,22118,22.755
22118,586,22.755
586,22117,78.87299999999999
22117,586,78.87299999999999
586,11119,205.263
587,28898,70.645
28898,587,70.645
587,22119,32.776
22119,587,32.776
588,21820,406.29999999999995
21820,588,406.29999999999995
588,24690,102.994
24690,588,102.994
588,28898,96.356
28898,588,96.356
588,589,181.15699999999998
589,588,181.15699999999998
589,22138,53.969
22138,589,53.969
589,18192,106.536
18192,589,106.536
590,17792,101.801
17792,590,101.801
590,21421,327.47400000000005
590,591,138.84
591,590,138.84
590,22136,112.05699999999999
22136,590,112.05699999999999
591,31,312.42699999999996
591,8229,61.278999999999996
8229,591,61.278999999999996
