start,end,length
0,20937,943.1700000000001
20937,0,943.1700000000001
1,23266,645.923
23266,1,645.923
2,9,579.89
9,2,579.89
3,5,111.107
5,3,111.107
3,1084,287.096
1084,3,287.096
4,12232,524.804
12232,4,524.804
5,6,96.97
6,5,96.97
5,12734,288.93399999999997
12734,5,288.93399999999997
6,12733,289.897
12733,6,289.897
7,332,790.2729999999999
332,7,790.2729999999999
7,20,1610.7630000000001
20,7,1610.7630000000001
8,17877,713.828
17877,8,713.828
9,16917,104.712
16917,9,104.712
9,10,391.21000000000004
10,9,391.21000000000004
12,21242,1600.3890000000001
13,16419,1619.8819999999998
16419,13,1619.8819999999998
14,24069,881.4849999999999
24069,14,881.4849999999999
15,21006,696.096
21006,15,696.096
16,17,26.252000000000002
17,16,26.252000000000002
17,15913,286.112
18,20091,881.09
19,18859,670.8829999999999
18859,19,670.8829999999999
20,15878,1608.3529999999998
15878,20,1608.3529999999998
21,1760,859.6569999999999
1760,21,859.6569999999999
22,19501,108.717
19501,22,108.717
22,9100,307.735
9100,22,307.735
22,15562,201.08899999999997
15562,22,201.08899999999997
24,25,165.78
25,24,165.78
24,15529,108.722
15529,24,108.722
24,8780,100.785
8780,24,100.785
25,14196,103.341
14196,25,103.341
25,8781,101.90299999999999
8781,25,101.90299999999999
26,27,125.432
27,26,125.432
26,6410,531.908
6410,26,531.908
26,4672,230.47
4672,26,230.47
26,6411,251.70899999999997
6411,26,251.70899999999997
27,16736,382.163
16736,27,382.163
27,6033,305.13599999999997
6033,27,305.13599999999997
28,22916,102.92500000000001
28,3919,566.269
3919,28,566.269
28,24036,244.696
24036,28,244.696
28,29,123.347
29,28,123.347
29,10007,625.3
10007,29,625.3
30,21374,395.965
21374,30,395.965
31,19459,15.902
31,24174,100.766
32,5540,107.878
5540,32,107.878
32,23366,45.225
23366,32,45.225
32,20955,388.99800000000005
20955,32,388.99800000000005
32,33,77.665
33,32,77.665
33,202,9.747
202,33,9.747
33,20953,219.115
20953,33,219.115
34,35,139.12
35,34,139.12
34,15004,161.667
15004,34,161.667
34,15767,77.596
15767,34,77.596
35,36,112.135
36,35,112.135
35,11547,83.514
11547,35,83.514
35,15035,77.749
15035,35,77.749
36,8333,77.15
8333,36,77.15
36,8334,73.999
8334,36,73.999
36,37,195.053
37,36,195.053
37,38,196.17
38,37,196.17
37,6981,75.185
6981,37,75.185
37,6980,76.519
6980,37,76.519
38,11549,75.75
11549,38,75.75
38,13297,77.166
13297,38,77.166
39,40,121.8
40,39,121.8
39,13810,208.904
13810,39,208.904
39,13811,408.676
13811,39,408.676
41,23829,56.263000000000005
23829,41,56.263000000000005
42,21501,87.145
21501,42,87.145
42,23390,17.766
23390,42,17.766
42,15773,198.45
15773,42,198.45
43,44,143.461
44,43,143.461
44,9191,77.914
9191,44,77.914
44,22755,54.771
22755,44,54.771
45,46,63.438
46,45,63.438
45,13809,195.212
13809,45,195.212
45,1609,212.173
1609,45,212.173
46,9521,59.715
9521,46,59.715
46,1610,512.426
1610,46,512.426
47,48,265.965
48,47,265.965
48,15769,97.681
15769,48,97.681
48,10729,48.295
10729,48,48.295
49,50,60.14
50,49,60.14
50,9747,50.548
9747,50,50.548
50,9748,118.956
9748,50,118.956
51,52,92.083
52,51,92.083
51,13654,410.86899999999997
13654,51,410.86899999999997
51,9681,268.14199999999994
9681,51,268.14199999999994
51,13655,379.326
13655,51,379.326
52,53,92.893
53,52,92.893
52,15880,204.65
15880,52,204.65
52,13656,432.7649999999999
13656,52,432.7649999999999
53,16944,74.004
16944,53,74.004
53,54,92.47699999999999
54,53,92.47699999999999
54,55,219.109
55,54,219.109
54,2493,91.293
2493,54,91.293
54,10187,169.73000000000002
10187,54,169.73000000000002
55,7892,150.848
7892,55,150.848
55,10187,218.537
10187,55,218.537
56,13346,217.548
13346,56,217.548
56,57,477.69499999999994
57,56,477.69499999999994
56,16111,215.55599999999998
16111,56,215.55599999999998
58,59,98.351
59,58,98.351
58,16686,96.963
16686,58,96.963
58,18418,279.56399999999996
18418,58,279.56399999999996
59,16687,95.028
16687,59,95.028
59,18419,277.839
18419,59,277.839
59,60,138.483
60,59,138.483
60,16688,105.484
16688,60,105.484
60,19233,133.653
19233,60,133.653
61,62,140.798
62,61,140.798
61,4135,288.79600000000005
4135,61,288.79600000000005
61,7389,198.363
7389,61,198.363
61,8357,236.048
8357,61,236.048
62,63,309.73799999999994
63,62,309.73799999999994
62,12009,173.976
12009,62,173.976
63,21980,227.83
21980,63,227.83
63,5129,270.42900000000003
5129,63,270.42900000000003
64,19501,289.341
19501,64,289.341
64,9100,118.346
9100,64,118.346
64,4614,130.4
4614,64,130.4
65,66,298.428
66,65,298.428
65,11506,359.23
11506,65,359.23
65,11505,391.527
11505,65,391.527
66,67,107.71
67,66,107.71
66,11506,85.633
11506,66,85.633
66,11505,84.46
11505,66,84.46
68,69,298.893
69,68,298.893
68,7055,83.899
7055,68,83.899
68,7056,77.188
7056,68,77.188
69,968,82.466
968,69,82.466
69,967,88.852
967,69,88.852
70,71,104.886
71,70,104.886
70,12125,66.02199999999999
12125,70,66.02199999999999
70,11527,83.538
11527,70,83.538
72,73,38.166
73,72,38.166
72,13273,86.57799999999999
13273,72,86.57799999999999
72,13272,31.022000000000002
13272,72,31.022000000000002
73,4153,155.397
4153,73,155.397
73,7370,497.62899999999996
7370,73,497.62899999999996
74,75,40.835
75,74,40.835
74,257,155.257
257,74,155.257
74,258,126.043
258,74,126.043
75,76,55.839
76,75,55.839
75,21100,147.27499999999998
21100,75,147.27499999999998
76,77,33.847
77,76,33.847
76,10885,64.115
10885,76,64.115
77,10885,65.027
10885,77,65.027
77,23666,153.378
23666,77,153.378
78,79,22.412
79,78,22.412
78,20948,101.677
20948,78,101.677
78,14777,109.214
14777,78,109.214
80,19179,33.572
80,11841,1419.4180000000001
11841,80,1419.4180000000001
81,82,88.053
82,81,88.053
81,7858,140.102
7858,81,140.102
81,9525,74.171
9525,81,74.171
82,7857,123.462
7857,82,123.462
82,18918,167.082
18918,82,167.082
83,84,87.463
84,83,87.463
83,11494,294.452
11494,83,294.452
83,7945,113.599
7945,83,113.599
84,11492,275.505
11492,84,275.505
84,12332,38.620000000000005
12332,84,38.620000000000005
85,86,115.587
86,85,115.587
85,21303,39.915
21303,85,39.915
85,18790,289.78900000000004
86,18798,100.973
18798,86,100.973
87,131,93.294
131,87,93.294
87,18798,156.119
18798,87,156.119
87,18792,86.482
88,87,64.905
88,131,130.091
89,90,18.007
90,89,18.007
89,16848,133.11700000000002
16848,89,133.11700000000002
90,11572,131.865
11572,90,131.865
90,91,52.621
91,90,52.621
91,11208,99.56899999999999
11208,91,99.56899999999999
91,11207,176.82799999999997
11207,91,176.82799999999997
92,19002,29.683
19002,92,29.683
92,19000,468.68300000000005
92,18999,148.416
18999,92,148.416
93,6383,216.87599999999998
6383,93,216.87599999999998
94,18898,272.813
95,96,132.519
96,95,132.519
95,18894,74.54
18894,95,74.54
95,94,158.018
96,280,81.051
280,96,81.051
97,18730,375.471
97,19524,639.6070000000001
98,18888,334.405
98,18885,411.38800000000003
99,100,106.19299999999998
100,99,106.19299999999998
99,5075,76.785
5075,99,76.785
99,5074,78.691
5074,99,78.691
101,125,69.278
101,13578,178.814
13578,101,178.814
101,3353,234.838
3353,101,234.838
101,22730,89.94200000000001
22730,101,89.94200000000001
102,103,65.904
103,102,65.904
102,14385,684.4879999999999
14385,102,684.4879999999999
102,14519,129.92
14519,102,129.92
103,2188,65.275
2188,103,65.275
103,14519,80.875
14519,103,80.875
103,14386,346.3999999999999
14386,103,346.3999999999999
104,2751,349.537
2751,104,349.537
104,3527,262.28999999999996
3527,104,262.28999999999996
104,2823,344.813
2823,104,344.813
105,106,28.395
106,105,28.395
105,16016,74.646
16016,105,74.646
105,16015,148.226
16015,105,148.226
107,108,146.354
108,107,146.354
107,207,200.536
207,107,200.536
107,21152,145.51299999999998
21152,107,145.51299999999998
108,20328,414.305
20328,108,414.305
108,164,163.51
164,108,163.51
109,110,102.638
110,109,102.638
109,20328,205.42399999999998
20328,109,205.42399999999998
109,23494,102.39399999999999
23494,109,102.39399999999999
110,111,30.116
111,110,30.116
110,19636,41.361000000000004
19636,110,41.361000000000004
111,206,181.20399999999998
206,111,181.20399999999998
111,19636,43.183
19636,111,43.183
112,113,108.203
112,19356,273.763
113,208,87.184
114,19249,354.085
114,19235,449.86000000000007
115,22722,52.619
22722,115,52.619
115,22721,53.342
22721,115,53.342
115,22718,82.511
22718,115,82.511
115,22719,57.764
22719,115,57.764
116,14010,2546.8849999999998
14010,116,2546.8849999999998
116,21613,733.1949999999998
21613,116,733.1949999999998
116,22723,126.567
22723,116,126.567
117,21611,58.812
21611,117,58.812
117,21613,64.497
21613,117,64.497
117,21614,62.43
21614,117,62.43
117,21610,53.595
21610,117,53.595
118,119,44.468
119,118,44.468
118,1416,23.835
1416,118,23.835
118,1415,47.331
1415,118,47.331
120,12200,80.549
12200,120,80.549
121,18914,44.768
121,19760,29.400000000000002
122,435,152.94400000000002
122,436,100.415
123,338,64.615
338,123,64.615
123,17827,182.627
17827,123,182.627
123,22875,65.942
124,13163,99.426
13163,124,99.426
124,18252,203.603
18252,124,203.603
124,123,36.841
125,13579,31.209000000000003
126,6308,439.24099999999993
6308,126,439.24099999999993
127,23483,137.786
23483,127,137.786
127,1832,155.029
1832,127,155.029
128,129,39.02
129,128,39.02
128,127,58.647999999999996
129,130,88.553
130,129,88.553
129,10637,52.467
10637,129,52.467
130,17778,59.07
17778,130,59.07
130,14430,136.885
14430,130,136.885
131,18792,125.18599999999999
131,5482,321.101
5482,131,321.101
132,19193,341.803
132,19196,728.115
132,19199,32.739000000000004
19199,132,32.739000000000004
133,22733,49.709
22733,133,49.709
133,3194,71.521
3194,133,71.521
133,20105,123.165
134,5695,83.858
5695,134,83.858
134,133,105.232
135,136,379.099
136,135,379.099
135,19519,2164.0209999999997
19519,135,2164.0209999999997
135,8362,650.1139999999999
8362,135,650.1139999999999
136,23799,13.241
23799,136,13.241
136,22294,651.9549999999999
22294,136,651.9549999999999
137,23799,358.135
23799,137,358.135
138,139,62.715
139,138,62.715
138,22850,92.965
22850,138,92.965
139,11214,127.791
11214,139,127.791
140,18979,491.57400000000007
141,264,127.978
141,140,87.364
142,23911,36.349000000000004
143,18970,249.38600000000002
144,156,219.118
156,144,219.118
144,330,151.538
330,144,151.538
144,143,97.662
145,156,263.898
145,144,107.84899999999999
146,10552,262.068
10552,146,262.068
146,19836,63.739000000000004
19836,146,63.739000000000004
147,22913,9.962
22913,147,9.962
147,22912,37.611000000000004
147,7189,211.577
7189,147,211.577
148,149,45.719
149,148,45.719
148,10672,115.013
10672,148,115.013
148,10673,198.80499999999998
10673,148,198.80499999999998
150,151,946.172
151,150,946.172
150,22062,964.8329999999999
22062,150,964.8329999999999
150,19632,2002.575
19632,150,2002.575
150,19626,1004.489
19626,150,1004.489
151,11672,29.577
11672,151,29.577
151,152,342.44100000000003
152,151,342.44100000000003
152,3912,935.6919999999999
3912,152,935.6919999999999
152,19634,389.302
19634,152,389.302
153,19410,283.43199999999996
153,18985,257.012
154,155,47.081
155,154,47.081
154,9972,145.26999999999998
9972,154,145.26999999999998
154,19002,81.954
19002,154,81.954
155,783,95.09199999999998
783,155,95.09199999999998
156,143,256.646
156,3985,109.73899999999999
3985,156,109.73899999999999
157,197,238.965
157,18888,488.76199999999994
158,159,22.147
159,158,22.147
158,21768,78.856
21768,158,78.856
158,11586,85.604
11586,158,85.604
159,16912,115.732
16912,159,115.732
159,16913,269.711
16913,159,269.711
160,161,56.825
161,160,56.825
160,7479,188.522
7479,160,188.522
160,1578,76.458
1578,160,76.458
161,13006,188.264
13006,161,188.264
161,9059,119.69399999999999
9059,161,119.69399999999999
162,198,56.579
198,162,56.579
162,22828,242.847
162,23483,230.24
23483,162,230.24
163,18777,21.256
18777,163,21.256
163,18776,34.443
18776,163,34.443
164,165,108.144
165,164,108.144
164,20325,41.365
20325,164,41.365
165,23494,63.902
23494,165,63.902
165,20326,44.043
20326,165,44.043
166,167,98.697
167,166,98.697
166,8291,157.432
8291,166,157.432
166,7189,151.436
7189,166,151.436
167,3151,271.74899999999997
3151,167,271.74899999999997
167,13415,30.307
13415,167,30.307
168,23687,67.9
23687,168,67.9
168,169,147.471
169,168,147.471
168,23410,316.618
23410,168,316.618
169,7425,49.092
7425,169,49.092
169,12782,150.724
12782,169,150.724
170,23409,103.31
23409,170,103.31
170,171,73.598
171,170,73.598
170,7426,69.036
7426,170,69.036
172,7058,68.859
7058,172,68.859
172,19895,95.388
19895,172,95.388
172,19878,164.72199999999998
19878,172,164.72199999999998
173,174,57.321
174,173,57.321
173,2519,6.305
2519,173,6.305
173,1956,104.86
1956,173,104.86
174,2249,21.226
2249,174,21.226
174,1958,153.285
1958,174,153.285
175,5233,178.079
5233,175,178.079
176,177,43.277
177,176,43.277
176,3341,132.346
3341,176,132.346
176,13313,92.244
13313,176,92.244
177,10354,4.297
10354,177,4.297
177,13314,178.867
13314,177,178.867
178,5959,98.365
5959,178,98.365
178,23738,11.622
23738,178,11.622
178,23737,17.205
23737,178,17.205
179,10141,610.617
10141,179,610.617
179,20541,150.364
20541,179,150.364
179,21496,145.296
21496,179,145.296
180,20541,25.122
20541,180,25.122
180,181,250.534
181,180,250.534
180,23706,613.303
23706,180,613.303
182,19037,315.46999999999997
182,18975,683.854
183,24036,53.171
24036,183,53.171
183,18975,346.73199999999997
183,216,261.27599999999995
216,183,261.27599999999995
184,23799,82.568
23799,184,82.568
185,22905,7.323
22905,185,7.323
185,186,84.55
185,11374,23.739
11374,185,23.739
186,22906,10.731
22906,186,10.731
186,11137,195.127
11137,186,195.127
187,18998,16.534
18998,187,16.534
187,20205,23.239
188,23897,9.863
23897,188,9.863
188,7792,102.566
7792,188,102.566
189,1103,51.013
1103,189,51.013
189,8884,104.08800000000002
8884,189,104.08800000000002
189,219,260.142
219,189,260.142
190,191,21.186999999999998
190,12316,60.565000000000005
12316,190,60.565000000000005
191,3379,21.405
191,2670,107.976
2670,191,107.976
192,8262,112.85
8262,192,112.85
193,6152,318.29699999999997
6152,193,318.29699999999997
193,2135,191.17399999999998
2135,193,191.17399999999998
193,15273,174.415
15273,193,174.415
194,24087,1595.8789999999997
195,8379,87.319
8379,195,87.319
195,8378,240.756
8378,195,240.756
195,12057,35.561
12057,195,35.561
196,10604,75.858
10604,196,75.858
197,18890,219.214
198,5077,243.629
5077,198,243.629
198,20185,286.506
199,22528,40.829
22528,199,40.829
199,200,66.05799999999999
200,199,66.05799999999999
199,347,189.464
347,199,189.464
200,201,74.684
201,200,74.684
200,22526,127.104
22526,200,127.104
201,20744,7.31
20744,201,7.31
201,20745,125.285
20745,201,125.285
203,1384,358.98599999999993
1384,203,358.98599999999993
203,15779,231.317
15779,203,231.317
203,13906,512.9019999999999
204,205,20.832
205,204,20.832
204,20326,10.798
20326,204,10.798
205,206,97.96199999999999
206,205,97.96199999999999
206,207,34.805
207,206,34.805
207,20322,63.117
20322,207,63.117
208,19355,395.591
208,305,176.244
209,210,89.477
210,209,89.477
209,16403,144.935
16403,209,144.935
209,14953,186.072
14953,209,186.072
211,19008,59.425
19008,211,59.425
211,5363,50.818
5363,211,50.818
211,19004,297.498
212,213,29.064
213,212,29.064
212,4908,120.62
4908,212,120.62
212,2737,119.85099999999998
2737,212,119.85099999999998
214,2146,61.734
2146,214,61.734
215,19036,473.07300000000004
215,18973,984.1980000000001
216,19033,52.293
19033,216,52.293
216,19035,63.602
217,5097,343.0929999999999
5097,217,343.0929999999999
218,15546,173.02499999999998
15546,218,173.02499999999998
219,22920,129.623
22920,219,129.623
219,1103,121.77799999999999
1103,219,121.77799999999999
220,19634,30.62
19634,220,30.62
220,9506,22.95
9506,220,22.95
220,11673,401.05400000000003
11673,220,401.05400000000003
221,5869,213.639
5869,221,213.639
221,24142,484.984
24142,221,484.984
221,21368,335.28
21368,221,335.28
222,289,10.177
289,222,10.177
222,21623,8.063
21623,222,8.063
222,19525,455.97200000000004
223,7912,51.308
7912,223,51.308
224,16309,50.698
16309,224,50.698
225,22873,63.151
22873,225,63.151
226,227,35.043
227,226,35.043
226,7707,77.992
7707,226,77.992
226,14289,21.143
14289,226,21.143
227,1382,20.356
1382,227,20.356
227,1381,50.939
1381,227,50.939
228,22546,368.37100000000004
228,18692,280.695
229,1361,178.214
1361,229,178.214
229,1360,223.637
1360,229,223.637
229,2153,88.04
2153,229,88.04
230,6454,43.628
6454,230,43.628
230,324,61.057
324,230,61.057
230,18896,561.716
231,18887,424.807
231,18705,699.278
232,2731,69.816
2731,232,69.816
232,19168,261.86
232,349,135.30700000000002
349,232,135.30700000000002
233,234,60.88
233,24075,8.703
234,24076,8.064
24076,234,8.064
234,235,86.181
235,234,86.181
236,15052,359.985
15052,236,359.985
236,237,700.562
237,236,700.562
236,24076,372.735
24076,236,372.735
238,239,47.487
239,238,47.487
238,18070,78.254
18070,238,78.254
238,16347,124.062
16347,238,124.062
239,18070,57.358
18070,239,57.358
239,16348,198.567
16348,239,198.567
240,241,343.7349999999999
240,19433,272.478
241,19431,116.75699999999999
241,19437,251.501
242,2423,102.192
243,10902,247.855
10902,243,247.855
243,21239,23.314
21239,243,23.314
243,2927,191.93200000000002
2927,243,191.93200000000002
244,21228,53.939
21228,244,53.939
244,13326,56.47
13326,244,56.47
244,245,48.206
245,244,48.206
246,18971,655.472
247,248,56.873
248,247,56.873
247,249,189.38600000000002
249,247,189.38600000000002
247,12064,184.667
12064,247,184.667
248,23798,104.57699999999998
23798,248,104.57699999999998
248,430,127.281
430,248,127.281
249,250,32.261
250,249,32.261
249,8893,76.23400000000001
8893,249,76.23400000000001
249,10329,390.13300000000004
10329,249,390.13300000000004
250,430,79.2
430,250,79.2
250,16894,95.041
16894,250,95.041
251,22904,248.49899999999997
22904,251,248.49899999999997
251,12438,120.068
12438,251,120.068
251,12440,180.298
12440,251,180.298
252,253,40.83
253,252,40.83
252,257,50.487
257,252,50.487
252,292,134.873
292,252,134.873
253,254,32.377
254,253,32.377
253,292,107.164
292,253,107.164
254,255,11.4
255,254,11.4
254,258,27.634
258,254,27.634
255,21100,18.297
21100,255,18.297
255,293,119.789
293,255,119.789
256,23666,21.204
23666,256,21.204
256,3801,62.991
3801,256,62.991
256,21100,33.013
21100,256,33.013
256,293,146.696
293,256,146.696
257,258,44.304
258,257,44.304
259,23936,492.6209999999999
259,4494,133.44899999999998
260,261,39.243
261,260,39.243
260,16861,90.971
16861,260,90.971
260,262,90.972
262,260,90.972
262,263,37.823
263,262,37.823
262,16968,89.454
16968,262,89.454
264,23644,210.353
265,18979,526.051
265,264,538.529
266,267,163.74599999999998
266,326,392.148
326,266,392.148
267,294,286.748
267,19598,221.98899999999998
268,20673,46.51
20673,268,46.51
269,19566,87.239
19566,269,87.239
269,2402,286.534
2402,269,286.534
269,2401,97.29599999999999
2401,269,97.29599999999999
270,2315,117.44200000000001
2315,270,117.44200000000001
270,6799,145.396
6799,270,145.396
271,311,191.7
311,271,191.7
272,22868,11.91
22868,272,11.91
272,23629,165.256
23629,272,165.256
273,22867,4.598
22867,273,4.598
273,272,71.92699999999999
273,1719,123.978
1719,273,123.978
274,18877,291.504
274,319,115.80799999999999
319,274,115.80799999999999
274,21644,41.891000000000005
21644,274,41.891000000000005
275,21175,56.730000000000004
275,21177,111.58500000000001
276,182,1745.0520000000001
277,19080,8.082
19080,277,8.082
277,18968,266.82
277,3977,69.404
3977,277,69.404
278,323,235.05399999999995
278,363,273.59999999999997
279,11116,326.79699999999997
11116,279,326.79699999999997
279,17700,110.83500000000001
17700,279,110.83500000000001
279,2659,319.42999999999995
2659,279,319.42999999999995
279,15351,284.913
15351,279,284.913
280,18847,124.899
18847,280,124.899
280,18849,367.28600000000006
281,2149,57.111
2149,281,57.111
282,288,21.682
288,282,21.682
282,287,158.223
287,282,158.223
283,4977,88.978
4977,283,88.978
283,284,164.53300000000002
284,283,164.53300000000002
283,4978,97.62700000000001
4978,283,97.62700000000001
284,14083,94.077
14083,284,94.077
284,8454,90.475
8454,284,90.475
285,19303,286.272
285,21473,282.789
286,19231,626.3870000000001
286,328,365.898
287,289,158.35
289,287,158.35
288,18729,320.072
288,19652,252.988
19652,288,252.988
290,291,75.23
291,290,75.23
290,1823,120.095
1823,290,120.095
291,18673,88.494
18673,291,88.494
292,293,40.182
293,292,40.182
294,295,192.018
294,15933,255.042
15933,294,255.042
295,266,242.522
296,1021,60.215
296,18985,263.74899999999997
297,153,62.398
298,18892,612.855
298,231,659.414
299,19404,320.788
299,301,521.8389999999999
300,19404,10.652
19404,300,10.652
300,301,210.235
300,15453,90.208
15453,300,90.208
301,98,532.8059999999999
302,303,37.868
303,302,37.868
302,21105,56.352
21105,302,56.352
302,1247,187.31399999999996
1247,302,187.31399999999996
303,21107,66.227
303,1247,167.751
1247,303,167.751
304,13875,77.71
13875,304,77.71
304,19167,258.377
304,22886,39.989000000000004
305,2421,277.035
306,22481,59.309
22481,306,59.309
306,17353,172.70299999999997
17353,306,172.70299999999997
306,20873,162.94799999999998
20873,306,162.94799999999998
307,22033,239.94600000000003
22033,307,239.94600000000003
308,309,41.085
308,10168,137.668
10168,308,137.668
308,22846,19.232
22846,308,19.232
309,20368,16.223
20368,309,16.223
309,1406,20.442
1406,309,20.442
310,351,60.928
351,310,60.928
310,18996,197.72400000000002
310,7791,119.564
7791,310,119.564
311,312,47.758
312,311,47.758
311,22868,3.533
22868,311,3.533
313,1190,119.037
1190,313,119.037
313,4723,139.294
4723,313,139.294
313,1189,236.27900000000002
1189,313,236.27900000000002
314,276,285.60900000000004
315,18981,69.11
315,21165,130.565
316,317,33.721
317,316,33.721
317,5898,222.40599999999998
5898,317,222.40599999999998
317,17765,430.958
17765,317,430.958
318,22829,46.493
22829,318,46.493
318,19484,227.891
318,4839,560.8050000000001
4839,318,560.8050000000001
319,18877,678.715
319,10191,92.132
10191,319,92.132
320,22659,178.653
22659,320,178.653
320,17141,105.869
17141,320,105.869
320,5463,162.94899999999998
5463,320,162.94899999999998
321,21714,18.179
21714,321,18.179
321,11318,365.25000000000006
11318,321,599.6250000000001
322,3976,72.156
3976,322,72.156
322,362,90.08500000000001
362,322,90.08500000000001
323,364,19.214
364,323,19.214
323,365,64.769
365,323,64.769
324,18847,118.932
18847,324,118.932
325,19008,77.116
19008,325,77.116
325,19009,304.684
325,19148,111.647
19148,325,111.647
326,327,302.10799999999995
326,7821,195.70999999999998
7821,326,195.70999999999998
327,326,345.077
327,7459,276.625
7459,327,276.625
328,114,91.122
329,328,408.55199999999996
329,18984,443.832
330,331,253.454
331,330,253.454
330,19362,314.214
331,12483,75.01
12483,331,75.01
331,19364,406.191
332,22070,435.93100000000004
22070,332,435.93100000000004
332,16421,827.6270000000001
16421,332,827.6270000000001
333,22070,577.5719999999999
22070,333,577.5719999999999
334,12066,143.565
12066,334,143.565
334,22501,132.902
22501,334,132.902
334,6481,91.707
6481,334,91.707
335,22500,119.476
22500,335,119.476
335,9842,110.101
9842,335,110.101
335,12066,69.67
12066,335,69.67
336,17769,15.385
17769,336,15.385
336,19251,557.3469999999999
336,17770,87.30799999999999
17770,336,87.30799999999999
337,21474,25.192
337,19302,322.509
338,339,58.339
339,338,58.339
338,13416,80.864
13416,338,80.864
339,17904,8.788
17904,339,8.788
339,20626,43.607
20626,339,43.607
340,341,443.396
340,18901,344.705
341,16767,97.621
342,1730,328.235
1730,342,328.235
342,5739,358.62699999999995
5739,342,358.62699999999995
342,21671,113.612
343,24126,27.868
343,21625,57.24
21625,343,57.24
343,21668,26.422
21668,343,26.422
344,19062,241.45399999999998
19062,344,241.45399999999998
344,19826,365.326
19826,344,365.326
344,16579,82.726
16579,344,82.726
345,5106,79.817
5106,345,79.817
345,346,147.178
346,345,147.178
345,22187,119.63
22187,345,119.63
347,22526,71.38
22526,347,71.38
347,22527,43.021
22527,347,43.021
348,20744,453.21999999999997
20744,348,453.21999999999997
348,20745,53.678
20745,348,53.678
348,16129,74.136
16129,348,74.136
349,11483,122.156
11483,349,122.156
349,2155,225.007
350,18783,141.181
350,18785,86.584
18785,350,86.584
350,6261,234.932
6261,350,234.932
351,18996,431.5019999999999
351,23897,141.177
23897,351,141.177
352,18780,81.037
18780,352,81.037
352,18782,118.601
352,6373,126.621
6373,352,126.621
353,358,11.639
358,353,11.639
353,11357,64.082
11357,353,64.082
354,353,79.729
354,8202,94.948
8202,354,94.948
355,16533,235.24
16533,355,235.24
355,354,138.346
355,15610,287.43899999999996
15610,355,287.43899999999996
356,355,75.28
356,5461,232.23
5461,356,232.23
357,356,77.522
357,8190,230.646
8190,357,230.646
358,11358,26.959
11358,358,26.959
358,357,59.095
358,15609,309.128
15609,358,309.128
359,4724,89.335
4724,359,89.335
359,13614,128.978
13614,359,128.978
360,1321,98.87
1321,360,98.87
360,361,74.68799999999999
361,360,74.68799999999999
360,1320,131.214
1320,360,131.214
361,18128,36.494
18128,361,36.494
361,16453,154.06499999999997
16453,361,154.06499999999997
362,364,74.793
364,362,74.793
363,19077,206.299
363,362,320.951
364,19081,77.333
365,13216,350.13
13216,365,350.13
365,19081,121.50200000000001
366,18273,141.943
366,19417,197.973
367,19409,47.021
368,369,32.037
369,368,32.037
368,3823,110.949
3823,368,110.949
368,9838,196.841
9838,368,196.841
368,14002,240.35899999999998
14002,368,240.35899999999998
370,19690,7.512
370,19442,100.634
371,18978,214.915
372,373,42.61
373,372,42.61
372,374,85.329
374,372,85.329
372,5229,209.273
5229,372,209.273
372,5226,62.885999999999996
5226,372,62.885999999999996
374,375,41.99
375,374,41.99
374,376,86.403
376,374,86.403
376,377,42.042
377,376,42.042
376,16607,202.088
16607,376,202.088
378,6615,357.135
6615,378,357.135
378,2400,308.21099999999996
2400,378,308.21099999999996
378,2399,230.545
2399,378,230.545
379,380,55.853
380,379,55.853
379,6811,339.175
6811,379,339.175
379,9501,148.868
9501,379,148.868
380,16628,30.754
16628,380,30.754
380,7262,30.178
7262,380,30.178
381,382,38.039
382,381,38.039
381,10328,46.632
10328,381,46.632
383,19384,210.338
383,13093,385.604
13093,383,385.604
383,19389,341.66799999999995
19389,383,341.66799999999995
383,6299,319.339
6299,383,319.339
384,385,62.9
385,384,62.9
384,22493,8.625
22493,384,8.625
384,14296,57.926
14296,384,57.926
385,7085,42.294
7085,385,42.294
385,7084,41.87
7084,385,41.87
386,23706,22.86
23706,386,22.86
386,23707,74.607
23707,386,74.607
386,387,137.855
387,386,137.855
387,19619,24.206
19619,387,24.206
387,19617,315.347
388,7401,57.907
7401,388,57.907
389,18902,133.354
18902,389,133.354
389,390,187.32600000000002
389,12217,75.972
12217,389,75.972
390,18901,426.855
391,14479,97.146
14479,391,97.146
391,392,20.915
392,391,20.915
391,14471,34.487
14471,391,34.487
392,21575,106.45
21575,392,106.45
392,11810,91.583
11810,392,91.583
393,24247,76.25999999999999
24247,393,76.25999999999999
393,24245,25.774
394,395,136.754
395,394,136.754
394,24247,43.644999999999996
24247,394,43.644999999999996
395,19372,222.35399999999998
19372,395,222.35399999999998
395,15255,160.071
15255,395,160.071
396,22874,360.524
22874,396,360.524
396,5035,170.587
5035,396,170.587
396,15886,90.874
15886,396,90.874
397,398,44.275999999999996
398,397,44.275999999999996
397,17850,32.245999999999995
17850,397,32.245999999999995
397,4663,55.253
4663,397,55.253
398,14899,49.282
14899,398,49.282
398,13592,72.00899999999999
13592,398,72.00899999999999
399,21708,171.04000000000002
21708,399,171.04000000000002
399,21709,102.959
21709,399,102.959
399,6519,195.63
6519,399,195.63
400,401,47.785
401,400,47.785
400,7383,103.326
7383,400,103.326
400,7382,92.497
7382,400,92.497
402,6401,60.757
6401,402,60.757
402,6800,114.111
6800,402,114.111
402,6799,202.555
6799,402,202.555
403,7550,172.04500000000002
404,19767,71.072
19767,404,71.072
404,18769,549.616
404,19768,40.971999999999994
404,18768,62.361000000000004
18768,404,62.361000000000004
405,19845,101.245
19845,405,101.245
405,406,26.293
406,405,26.293
405,1384,145.72
1384,405,145.72
407,22062,663.555
22062,407,663.555
407,13456,307.34799999999996
13456,407,307.34799999999996
408,6973,30.604
6973,408,30.604
408,13589,101.22399999999999
13589,408,101.22399999999999
408,17094,89.1
17094,408,89.1
408,16891,78.344
16891,408,78.344
409,14632,149.05200000000002
14632,409,149.05200000000002
409,23238,95.41399999999999
23238,409,95.41399999999999
409,8542,213.14600000000002
8542,409,213.14600000000002
410,5246,40.392
5246,410,40.392
410,411,120.038
411,410,120.038
410,19451,108.805
19451,410,108.805
411,9860,509.939
9860,411,509.939
411,7730,135.131
7730,411,135.131
411,1323,144.74
1323,411,144.74
412,1751,49.729
1751,412,49.729
413,414,37.94
414,413,37.94
414,23732,29.969
23732,414,29.969
414,22598,5.473
22598,414,5.473
415,22598,94.572
22598,415,94.572
416,417,45.257
417,416,45.257
417,23732,15.581
23732,417,15.581
418,19630,61.7
19630,418,61.7
418,21690,985.641
21690,418,985.641
418,6272,140.907
6272,418,140.907
418,2677,464.27799999999996
2677,418,464.27799999999996
419,19642,344.947
19642,419,344.947
419,13455,197.46499999999997
13455,419,197.46499999999997
419,9498,665.2099999999998
9498,419,665.2099999999998
420,9787,172.735
9787,420,172.735
420,421,472.611
421,420,472.611
420,23293,543.005
23293,420,543.005
420,1014,427.7819999999999
1014,420,427.7819999999999
422,423,69.706
422,21965,209.85099999999997
423,12217,104.68900000000001
424,22918,33.319
424,22920,9.617
22920,424,9.617
424,8884,38.009
8884,424,38.009
425,21315,21.464
21315,425,21.464
425,20483,112.249
20483,425,112.249
425,20494,142.292
20494,425,142.292
425,20487,58.669
20487,425,58.669
426,21315,47.173
21315,426,47.173
426,20474,53.546
20474,426,53.546
426,7249,112.10799999999998
7249,426,112.10799999999998
427,15667,70.49600000000001
15667,427,70.49600000000001
427,22389,97.249
22389,427,97.249
427,23939,177.225
23939,427,177.225
428,429,19.357
429,428,19.357
428,10540,269.151
10540,428,269.151
428,10539,130.74699999999999
10539,428,130.74699999999999
429,15123,48.101
15123,429,48.101
429,11268,210.837
11268,429,210.837
430,431,13.326
431,430,13.326
431,16894,154.76799999999997
16894,431,154.76799999999997
431,16896,53.715999999999994
16896,431,53.715999999999994
432,23973,28.927
23973,432,28.927
432,18750,13.282
18750,432,13.282
432,18759,128.149
433,434,30.888
434,433,30.888
433,14483,74.825
14483,433,74.825
433,10340,82.684
10340,433,82.684
434,16938,41.043
16938,434,41.043
434,16937,44.525
16937,434,44.525
435,19485,450.843
436,19469,133.12
436,435,93.14500000000001
437,19684,21.017
19684,437,21.017
437,23822,2933.2470000000003
437,8288,1762.4189999999999
8288,437,1762.4189999999999
438,21658,61.087
21658,438,61.087
438,18737,105.321
18737,438,105.321
438,18736,113.336
439,9138,21.609
9138,439,21.609
439,9137,117.132
9137,439,117.132
439,14629,85.19
14629,439,85.19
440,13044,22.268
13044,440,22.268
440,22597,131.36
22597,440,131.36
440,12021,386.76
12021,440,386.76
441,442,165.484
442,441,165.484
441,11272,105.61
11272,441,105.61
441,12873,266.507
12873,441,266.507
441,17452,114.61099999999999
17452,441,114.61099999999999
442,443,79.009
443,442,79.009
442,9793,71.016
9793,442,71.016
443,23837,15.536
23837,443,15.536
443,6594,94.777
6594,443,94.777
444,23838,8.562
23838,444,8.562
444,9817,78.524
9817,444,78.524
444,445,120.173
445,444,120.173
445,446,108.194
446,445,108.194
445,5454,757.5459999999999
5454,445,757.5459999999999
446,447,37.924
447,446,37.924
446,7163,273.952
7163,446,273.952
447,448,139.808
448,447,139.808
447,15841,761.789
15841,447,761.789
448,449,225.56199999999995
449,448,225.56199999999995
448,4226,114.563
4226,448,114.563
449,450,95.983
450,449,95.983
449,14462,406.82099999999997
14462,449,406.82099999999997
450,14462,320.594
14462,450,320.594
450,451,93.6
451,450,93.6
451,452,50.596
452,451,50.596
451,14463,319.126
14463,451,319.126
452,453,47.171
453,452,47.171
452,907,157.174
907,452,157.174
453,14464,322.0
14464,453,322.0
453,454,94.373
454,453,94.373
454,13967,323.799
13967,454,323.799
454,455,97.077
455,454,97.077
455,14465,323.985
14465,455,323.985
455,18925,100.00900000000001
18925,455,100.00900000000001
456,18925,11.19
18925,456,11.19
456,20244,13.967
20244,456,13.967
456,6583,155.24099999999999
6583,456,155.24099999999999
457,19279,14.789
19279,457,14.789
457,19272,74.019
19272,457,74.019
457,24000,168.394
24000,457,168.394
458,459,145.274
459,458,145.274
458,18926,58.727999999999994
18926,458,58.727999999999994
458,14467,320.831
14467,458,320.831
458,13029,310.06
13029,458,310.06
459,7851,321.225
7851,459,321.225
459,7850,301.298
7850,459,301.298
459,460,140.26
460,459,140.26
460,10545,194.719
10545,460,194.719
460,13030,300.508
13030,460,300.508
460,461,137.095
461,460,137.095
461,10546,194.984
10546,461,194.984
461,13031,301.411
13031,461,301.411
461,462,137.412
462,461,137.412
462,463,137.615
463,462,137.615
462,5702,195.925
5702,462,195.925
462,5701,302.03
5701,462,302.03
463,10547,195.086
10547,463,195.086
463,12006,302.516
12006,463,302.516
463,464,105.043
464,463,105.043
464,465,32.67
465,464,32.67
464,17740,201.188
17740,464,201.188
465,466,168.169
466,465,168.169
465,10548,194.827
10548,465,194.827
466,12980,203.617
12980,466,203.617
466,467,37.225
467,466,37.225
467,468,64.509
468,467,64.509
467,12982,100.797
12982,467,100.797
468,13035,303.623
13035,468,303.623
468,469,262.072
469,468,262.072
469,15099,116.488
15099,469,116.488
469,18568,108.043
18568,469,108.043
469,470,129.507
470,469,129.507
470,13039,277.749
13039,470,277.749
470,471,88.075
471,470,88.075
471,15095,180.794
15095,471,180.794
471,17223,145.148
17223,471,145.148
471,472,85.30499999999999
472,471,85.30499999999999
472,15096,182.052
15096,472,182.052
472,473,93.856
473,472,93.856
473,11692,297.016
11692,473,297.016
473,10623,367.315
10623,473,367.315
474,11512,158.085
11512,474,158.085
474,475,144.139
475,474,144.139
474,15515,67.47500000000001
15515,474,67.47500000000001
474,11511,243.01500000000001
11511,474,243.01500000000001
475,476,164.487
476,475,164.487
475,7775,32.812
7775,475,32.812
476,477,73.791
477,476,73.791
476,7652,126.896
7652,476,126.896
477,478,436.508
478,477,436.508
477,3201,189.226
3201,477,189.226
477,3200,226.875
3200,477,226.875
478,12406,239.52999999999997
12406,478,239.52999999999997
478,479,1948.6589999999997
479,478,1948.6589999999997
479,7899,416.405
7899,479,416.405
479,16859,512.4369999999999
16859,479,512.4369999999999
479,3820,401.239
3820,479,401.239
480,481,39.808
481,480,39.808
480,13012,150.449
13012,480,150.449
480,10742,96.42
10742,480,96.42
482,483,188.66
483,482,188.66
482,12918,107.547
12918,482,107.547
482,15230,104.342
15230,482,104.342
482,11919,79.311
11919,482,79.311
483,4632,91.781
4632,483,91.781
483,12536,386.693
12536,483,386.693
484,9821,105.907
9821,484,105.907
484,485,103.89399999999999
485,484,103.89399999999999
484,5454,315.048
5454,484,315.048
485,11960,95.747
11960,485,95.747
485,23165,57.259
23165,485,57.259
485,15840,329.14899999999994
15840,485,329.14899999999994
486,487,87.029
487,486,87.029
486,6078,292.575
6078,486,292.575
486,13674,167.87699999999998
13674,486,167.87699999999998
488,489,336.936
489,488,336.936
488,7139,117.639
7139,488,117.639
488,6113,340.575
6113,488,340.575
489,7142,121.659
7142,489,121.659
489,16582,104.219
16582,489,104.219
490,491,100.098
491,490,100.098
490,4344,294.031
4344,490,294.031
490,2875,486.861
2875,490,486.861
491,492,234.746
492,491,234.746
491,7143,107.992
7143,491,107.992
491,2876,323.7
2876,491,323.7
492,493,344.558
493,492,344.558
492,2877,105.017
2877,492,105.017
492,2876,101.671
2876,492,101.671
493,6372,104.746
6372,493,104.746
493,6371,103.087
6371,493,103.087
493,15305,395.66200000000003
15305,493,395.66200000000003
494,495,90.602
495,494,90.602
494,7822,94.364
7822,494,94.364
494,12141,177.209
12141,494,177.209
495,496,189.732
496,495,189.732
495,9042,141.301
9042,495,141.301
496,12142,27.161
12142,496,27.161
496,12143,89.55000000000001
12143,496,89.55000000000001
497,498,316.303
498,497,316.303
497,7164,94.734
7164,497,94.734
497,15596,119.817
15596,497,119.817
498,499,99.795
499,498,99.795
498,7165,91.743
7165,498,91.743
499,5990,221.762
5990,499,221.762
499,15064,112.95599999999999
15064,499,112.95599999999999
500,501,97.81700000000001
501,500,97.81700000000001
500,15051,107.98599999999999
15051,500,107.98599999999999
500,23543,33.201
23543,500,33.201
501,502,213.906
502,501,213.906
501,15032,245.80399999999997
15032,501,245.80399999999997
502,15033,103.659
15033,502,103.659
502,15032,107.221
15032,502,107.221
503,504,60.267
504,503,60.267
503,708,102.187
708,503,102.187
503,13020,208.458
13020,503,208.458
505,3914,93.371
3914,505,93.371
505,3913,83.318
3913,505,83.318
505,15956,319.529
15956,505,319.529
505,506,175.01199999999997
506,505,175.01199999999997
507,508,51.466
508,507,51.466
508,4904,100.007
4904,508,100.007
508,4903,147.92700000000002
4903,508,147.92700000000002
509,5650,73.819
5650,509,73.819
509,5649,68.249
5649,509,68.249
509,510,213.492
510,509,213.492
510,12816,76.312
12816,510,76.312
510,5650,256.371
5650,510,256.371
511,512,140.73200000000003
511,570,185.80099999999996
570,511,185.80099999999996
511,24030,45.198
512,513,90.68900000000001
513,512,627.656
513,24027,11.553
24027,513,11.553
513,22630,91.16199999999999
514,24029,10.421
515,516,41.778
516,515,41.778
515,23773,100.898
23773,515,100.898
515,13205,151.654
13205,515,151.654
517,518,121.30000000000001
518,517,121.30000000000001
518,519,84.434
519,518,84.434
518,963,358.821
963,518,358.821
519,4996,187.64
4996,519,187.64
519,4997,110.923
4997,519,110.923
520,19423,75.022
520,21433,113.333
21433,520,113.333
521,23040,23.956
23040,521,23.956
521,22462,57.445
22462,521,57.445
521,22461,53.404
22461,521,53.404
521,23039,36.817
23039,521,36.817
522,10382,145.92
10382,522,145.92
522,523,215.287
523,522,215.287
522,22461,576.641
22461,522,576.641
523,9276,167.51799999999997
9276,523,167.51799999999997
523,19678,294.687
19678,523,294.687
524,19678,15.21
19678,524,15.21
524,525,456.24800000000005
525,524,456.24800000000005
524,2432,269.625
525,526,238.14000000000001
526,525,238.14000000000001
525,4659,112.983
4659,525,112.983
526,19457,284.629
19457,526,284.629
526,7073,47.508
7073,526,47.508
527,528,195.53300000000002
528,527,195.53300000000002
527,1049,297.85699999999997
1049,527,297.85699999999997
527,1048,409.141
1048,527,409.141
529,530,70.273
530,529,70.273
529,7171,65.807
7171,529,65.807
529,7760,348.9599999999998
7760,529,348.9599999999998
531,532,179.363
532,531,179.363
532,533,75.481
