start,end,length
0,26268,254.70900000000006
0,41789,767.7999999999998
1,42185,259.67400000000004
1,42183,291.83900000000006
2,43194,433.1479999999999
2,43189,552.424
3,1015,86.25800000000001
1015,3,86.25800000000001
3,4,138.033
4,3,138.033
4,1735,86.149
1735,4,86.149
4,1016,85.611
1016,4,85.611
4,5,134.771
5,4,134.771
5,1736,85.99
5,6,271.351
6,5,271.351
6,1018,86.109
6,44935,199.796
44935,6,199.796
7,44935,22.088
44935,7,22.088
7,8,55.925
8,7,55.925
7,437,93.39999999999999
8,9,142.26
9,8,142.26
8,829,85.583
829,8,85.583
9,1019,85.181
11,2156,81.61999999999999
12,44921,17.096
12,414,86.20899999999999
13,12,105.43299999999999
13,807,80.922
807,13,80.922
13,806,86.554
806,13,86.554
14,13,127.99300000000001
14,62,87.48
62,14,87.48
14,2105,82.185
2105,14,82.185
15,2324,267.007
2324,15,267.007
15,243,249.0
15,504,153.18399999999997
504,15,153.18399999999997
15,54592,29.606
54592,15,29.606
16,17,239.745
16,2323,201.183
2323,16,201.183
17,18,127.58500000000001
18,50469,215.27400000000003
18,2773,90.62
19,121,80.763
121,19,80.763
19,1310,80.571
1310,19,80.571
20,1663,80.824
20,19,273.332
21,20,271.735
21,2157,81.107
22,44937,16.91
23,22,109.255
23,809,80.699
809,23,80.699
23,810,80.27499999999999
810,23,80.27499999999999
24,23,215.284
24,1665,89.457
1665,24,89.457
24,2104,88.052
2104,24,88.052
25,789,101.449
789,25,101.449
25,788,127.633
788,25,127.633
26,43621,263.17999999999995
43621,26,263.17999999999995
26,2178,96.326
2178,26,96.326
26,1844,171.363
1844,26,171.363
27,28,83.201
28,27,83.201
27,43621,22.926000000000002
43621,27,22.926000000000002
27,45615,246.774
28,2292,171.551
2292,28,171.551
28,45230,244.92499999999998
45230,28,244.92499999999998
29,30,311.31399999999996
29,1746,76.599
30,963,41.435
31,34,27.203
34,31,27.203
32,31,55.69299999999999
33,32,78.949
33,2379,77.993
2379,33,77.993
33,35,23.061
34,274,66.408
274,34,66.408
34,35,129.856
35,49792,162.38
36,51948,79.923
37,44948,21.559
37,398,93.688
38,37,156.643
38,45050,79.99000000000001
39,53032,78.783
39,48674,80.347
48674,39,80.347
40,39,275.73099999999994
40,49148,99.1
49148,40,99.1
40,793,79.61399999999999
793,40,79.61399999999999
40,46677,79.18499999999999
46677,40,79.18499999999999
41,42,274.107
41,854,81.183
854,41,81.183
41,53067,79.735
53067,41,79.735
42,43,271.01500000000004
42,1757,80.0
43,44947,129.93
43,1630,79.952
44,45,127.523
44,421,79.182
45,813,79.78099999999999
813,45,79.78099999999999
45,814,78.857
814,45,78.857
46,1759,90.335
1759,46,90.335
46,1631,90.475
1631,46,90.475
47,44877,30.164
44877,47,30.164
48,41574,25.311
41574,48,25.311
50,51,118.83199999999998
50,362,46.185
52,52467,86.85300000000001
52,2751,36.487
53,54,72.39099999999999
53,49718,56.54
54,55,80.472
55,42497,358.05400000000003
56,735,85.68100000000001
57,42294,341.47599999999994
58,51209,103.14599999999999
58,49798,165.23399999999998
49798,58,165.23399999999998
58,42299,15.532
42299,58,15.532
59,3161,1005.2769999999999
60,42497,260.646
61,3154,97.88799999999999
62,54209,18.782
54209,62,18.782
62,311,88.02000000000001
311,62,88.02000000000001
62,806,142.72199999999998
806,62,142.72199999999998
63,3025,79.938
63,2826,147.21699999999998
64,55256,9.4
64,1287,78.925
65,2886,71.337
66,3040,29.703
66,42472,274.357
67,54209,275.96600000000007
67,59,544.4730000000001
68,2598,141.016
68,1593,84.377
1593,68,84.377
68,2206,86.007
2206,68,86.007
69,43904,44.358999999999995
43904,69,44.358999999999995
69,2207,77.963
2207,69,77.963
70,72,68.388
70,71,90.931
71,1193,14.631
71,143,82.49499999999999
72,55,76.472
72,42499,195.0
42499,72,195.0
72,2288,16.231
2288,72,16.231
73,55185,21.108
73,1723,176.22400000000002
1723,73,176.22400000000002
74,42467,271.057
75,42469,732.3910000000001
76,50367,3.421
76,77,116.857
77,949,63.845
949,77,63.845
77,50372,82.57
50372,77,82.57
78,2900,114.753
78,65,530.577
79,80,84.96600000000001
79,47929,153.064
47929,79,153.064
79,1031,76.82000000000001
1031,79,76.82000000000001
80,3107,151.16400000000002
80,49595,46.135999999999996
81,45982,252.512
81,45981,246.57299999999998
82,50154,164.867
50154,82,164.867
82,1986,83.08900000000001
83,3108,135.391
83,52780,80.137
84,153,117.78
85,87,59.343999999999994
86,2612,79.95
86,54621,170.254
87,3087,1940.49
88,42589,95.982
88,2611,78.433
89,42493,236.89
89,50464,28.95
90,43872,121.56199999999998
43872,90,121.56199999999998
90,800,115.65599999999999
800,90,115.65599999999999
90,998,88.493
998,90,88.493
91,42484,36.203
91,2253,79.487
92,2730,131.137
2730,92,131.137
92,93,116.47200000000001
93,160,533.307
94,95,122.072
94,50296,101.82499999999999
95,1823,241.86899999999997
96,41420,21.22
96,47147,60.698
97,1830,274.03299999999996
1830,97,274.03299999999996
98,43825,29.651
98,43826,65.77199999999999
99,103,132.781
99,100,133.751
100,108,88.47699999999999
100,101,36.784000000000006
101,49776,92.95399999999998
101,102,25.113999999999997
102,49242,102.43800000000002
102,50463,158.67999999999995
103,1454,130.498
103,1500,73.918
104,853,168.435
104,2313,274.625
2313,104,274.625
104,128,89.324
128,104,89.324
104,1315,86.04599999999999
1315,104,86.04599999999999
105,131,148.857
105,43818,146.11700000000002
106,105,110.53200000000001
107,51087,18.644
107,43819,158.03300000000002
43819,107,158.03300000000002
108,1272,131.053
108,1490,76.813
108,49776,134.887
109,110,100.57199999999999
109,2072,88.095
110,77,12.466
111,73,164.293
112,275,78.256
275,112,78.256
112,49592,134.546
112,2734,79.59100000000001
2734,112,79.59100000000001
113,129,15.531
113,114,401.584
115,552,73.948
552,115,73.948
115,116,140.08100000000002
116,44825,29.968000000000004
117,49244,5.467
117,41643,353.956
118,43832,143.549
118,2692,79.80900000000001
119,42511,296.62699999999995
119,118,59.07
120,1255,86.462
120,2427,118.429
121,2308,274.18199999999996
121,53066,86.13
53066,121,86.13
122,76,72.66099999999999
124,53244,29.135
125,609,14.532
126,1849,80.544
127,54209,123.98499999999999
54209,127,123.98499999999999
128,2314,274.253
128,134,232.098
134,128,232.098
129,115,78.22099999999999
130,43885,86.15799999999999
43885,130,86.15799999999999
130,46637,18.417
131,159,1047.727
132,133,119.76500000000001
132,43823,204.131
133,42513,130.803
134,1316,82.751
1316,134,82.751
135,1628,485.8979999999999
135,52468,297.49999999999994
136,52662,120.93999999999998
137,42514,30.471
138,895,133.335
138,42523,156.19299999999998
139,53072,112.876
139,53074,93.49
53074,139,93.49
140,42521,33.213
42521,140,33.213
141,50367,119.49400000000001
141,110,66.023
142,141,54.753
142,109,49.852000000000004
143,136,108.839
143,49614,28.292
144,48777,12.939
48777,144,12.939
144,43910,256.193
43910,144,256.193
144,2629,76.877
145,49606,23.987000000000002
49606,145,23.987000000000002
145,45053,357.31300000000005
45053,145,357.31300000000005
146,42510,633.0920000000001
146,150,259.67400000000004
146,50258,437.0339999999999
50258,146,437.0339999999999
147,42318,81.091
42318,147,81.091
147,1173,59.44800000000001
1173,147,59.44800000000001
147,2385,76.931
148,60,328.92499999999995
148,42496,271.20300000000003
149,44106,195.578
149,3115,91.60499999999999
150,51082,383.479
151,45897,37.293
151,3023,72.797
152,2885,160.788
153,53076,47.106
153,42475,901.9090000000001
154,43812,121.70899999999999
155,156,111.345
156,155,111.345
156,45059,192.101
45059,156,192.101
156,49606,350.526
49606,156,350.526
157,49497,101.651
157,49615,71.62
158,98,85.11100000000002
159,158,109.36399999999999
159,133,461.017
160,42494,110.23499999999999
160,1134,668.4569999999998
161,41335,163.637
161,2209,51.043
2209,161,51.043
161,312,39.803999999999995
312,161,39.803999999999995
162,49982,135.651
162,2883,172.662
163,162,169.678
165,43649,18.308
43649,165,18.308
165,472,79.866
165,166,132.421
166,165,132.421
166,473,88.696
166,167,80.822
167,166,80.822
167,2109,225.22299999999998
167,168,82.34599999999999
168,167,82.34599999999999
168,475,123.39099999999999
168,169,78.513
169,168,78.513
169,2111,173.279
169,170,82.60300000000001
170,169,82.60300000000001
170,171,118.241
171,170,118.241
170,477,157.555
171,47423,105.30999999999999
47423,171,105.30999999999999
171,478,184.13099999999997
478,171,184.13099999999997
171,172,227.69299999999998
172,171,227.69299999999998
172,173,77.548
173,172,77.548
172,480,233.72899999999998
480,172,233.72899999999998
173,174,77.396
174,173,77.396
174,175,78.382
175,174,78.382
175,1292,127.82000000000001
175,176,77.407
176,175,77.407
176,484,171.359
176,177,79.221
177,176,79.221
177,544,202.35899999999998
177,178,77.91799999999999
178,177,77.91799999999999
178,486,149.25900000000001
178,179,56.432
179,178,56.432
179,180,79.26400000000001
180,179,79.26400000000001
180,488,134.43200000000002
180,181,73.289
181,180,73.289
181,41376,97.759
41376,181,97.759
181,3164,79.305
182,41379,77.75800000000001
41379,182,77.75800000000001
182,183,108.21999999999998
183,182,108.21999999999998
182,316,196.40099999999998
183,791,82.684
791,183,82.684
183,184,141.077
184,183,141.077
183,2374,85.516
2374,183,85.516
184,185,142.92000000000002
185,184,142.92000000000002
185,3027,81.21100000000001
3027,185,81.21100000000001
185,186,197.87
186,185,197.87
186,45923,76.597
45923,186,76.597
186,187,248.614
187,186,248.614
187,1488,308.769
1488,187,308.769
187,45041,268.892
45041,187,268.892
187,323,86.893
323,187,86.893
188,189,214.63400000000001
189,3176,35.362
3176,189,35.362
189,3142,75.977
3142,189,75.977
190,191,95.02499999999999
190,2388,39.596000000000004
191,192,58.203
191,3060,37.382999999999996
3060,191,37.382999999999996
191,2023,77.853
2023,191,77.853
192,2941,33.742
192,193,90.418
193,2025,65.53999999999999
2025,193,65.53999999999999
193,2381,30.226
2381,193,30.226
194,50294,63.159
194,54675,9.822000000000001
195,196,75.15
195,2475,88.89
2475,195,88.89
196,2476,86.93900000000001
197,198,89.296
197,2478,75.213
198,199,51.67
198,2700,76.727
199,200,85.395
199,51952,66.981
51952,199,66.981
199,2067,74.90599999999999
2067,199,74.90599999999999
200,201,31.415999999999997
201,202,116.19999999999999
201,1918,59.885
202,1868,42.411
202,203,135.66400000000002
203,645,71.724
203,957,52.114
204,205,115.41
204,1144,86.009
1144,204,86.009
204,2031,222.97999999999996
2031,204,222.97999999999996
205,206,64.718
206,207,59.346000000000004
206,1353,72.322
207,604,80.252
207,53192,30.033
208,1632,79.39099999999999
208,209,136.63500000000002
209,53202,135.31
53202,209,135.31
209,210,141.333
210,46077,14.166
46077,210,14.166
210,2834,231.63800000000003
211,327,116.167
211,3038,74.049
212,211,309.291
212,683,74.53099999999999
213,212,273.814
213,1942,74.431
214,213,274.183
214,52109,74.161
215,214,277.697
215,2420,74.051
216,217,224.07700000000003
216,215,269.908
217,2349,79.56
218,55115,8.914
55115,218,8.914
218,219,74.973
219,41746,59.237
41746,219,59.237
219,2052,76.04400000000001
2052,219,76.04400000000001
219,49788,64.17599999999999
49788,219,64.17599999999999
219,55115,74.837
220,686,78.338
221,1732,83.593
222,221,273.776
222,1368,78.58200000000001
223,55007,10.15
223,1733,82.65299999999999
224,3007,78.497
224,223,270.12600000000003
225,41567,17.933
41567,225,17.933
225,2460,170.497
225,41565,163.14600000000002
41565,225,163.14600000000002
226,2418,77.69
2418,226,77.69
226,41330,145.597
41330,226,145.597
227,45677,21.836
45677,227,21.836
227,226,132.355
227,45681,89.292
228,1578,87.71
229,228,79.081
230,229,79.261
230,2754,168.74900000000002
2754,230,168.74900000000002
231,230,79.149
231,2755,203.23900000000003
2755,231,203.23900000000003
232,231,452.93600000000004
232,1828,108.089
1828,232,108.089
233,232,494.7879999999999
233,1168,132.386
233,1828,396.92
1828,233,396.92
233,2715,78.53
2715,233,78.53
234,2920,84.43199999999999
2920,234,84.43199999999999
234,53191,38.657
53191,234,38.657
235,234,77.97899999999998
235,53170,149.972
53170,235,149.972
235,924,260.209
924,235,260.209
235,1723,121.45899999999997
1723,235,121.45899999999997
236,42468,205.07899999999998
236,53170,77.18400000000001
53170,236,77.18400000000001
237,1026,86.317
237,2555,155.853
238,237,62.767
239,1126,80.059
1126,239,80.059
239,1744,79.33099999999999
1744,239,79.33099999999999
240,239,134.244
240,45922,80.341
45922,240,80.341
240,1094,53.672999999999995
1094,240,53.672999999999995
241,240,97.32
241,1094,113.154
1094,241,113.154
241,1745,83.96799999999999
1745,241,83.96799999999999
242,243,84.29799999999999
243,242,84.29799999999999
242,503,51.422
503,242,51.422
242,502,134.519
502,242,134.519
243,3034,159.621
244,1803,79.13
245,334,85.013
246,247,275.481
247,1804,79.709
248,54686,278.75
248,50214,78.07300000000001
249,1714,79.09200000000001
249,250,274.1
250,739,78.17299999999999
250,251,265.426
251,50489,19.144
251,1715,83.059
252,45997,192.345
45997,252,192.345
252,53198,85.367
53198,252,85.367
252,2493,78.432
2493,252,78.432
253,45925,7.999
45925,253,7.999
253,254,30.322
253,504,176.286
504,253,176.286
254,45936,23.33
255,45936,77.385
45936,255,77.385
255,256,78.327
256,255,78.327
256,835,243.482
256,257,78.92599999999999
257,256,78.92599999999999
257,507,228.41599999999997
257,258,85.358
258,257,85.358
258,1021,121.148
1021,258,121.148
258,1022,117.395
1022,258,117.395
258,259,209.96699999999998
259,258,209.96699999999998
259,1739,118.926
1739,259,118.926
259,2502,121.86699999999999
2502,259,121.86699999999999
259,260,176.294
260,259,176.294
260,1740,118.97900000000001
1740,260,118.97900000000001
260,261,176.672
261,260,176.672
260,2621,122.114
2621,260,122.114
261,262,131.061
262,261,131.061
261,847,118.851
847,261,118.851
261,848,122.11399999999999
848,261,122.11399999999999
262,3095,90.445
3095,262,90.445
262,263,129.415
263,262,129.415
262,1741,118.76199999999999
1741,262,118.76199999999999
263,2529,27.281
2529,263,27.281
263,3095,156.828
3095,263,156.828
264,265,78.598
265,264,78.598
264,1927,88.29100000000001
1927,264,88.29100000000001
265,49976,49.231
265,266,79.328
266,265,79.328
266,267,80.699
267,266,80.699
267,1060,83.189
267,268,151.703
268,267,151.703
268,1928,52.391
268,50258,12.056
50258,268,12.056
270,45682,18.594
45682,270,18.594
270,13278,286.1449999999999
13278,270,286.1449999999999
270,520,167.53099999999998
271,1728,235.494
271,45670,75.553
272,271,106.743
272,1727,99.025
1727,272,99.025
273,272,87.905
274,1697,78.393
274,919,218.991
275,1536,217.17600000000002
275,276,79.292
276,275,79.292
276,2888,70.685
277,635,214.65299999999996
277,50485,54.182
277,278,78.10399999999998
278,277,78.10399999999998
278,279,79.91
279,278,79.91
279,280,79.70500000000001
280,279,79.70500000000001
280,2697,215.36999999999998
280,281,79.00699999999999
281,280,79.00699999999999
281,1691,214.34300000000002
281,282,79.55999999999999
282,281,79.55999999999999
282,45919,132.267
45919,282,132.267
282,283,79.039
283,282,79.039
283,3094,215.52200000000002
283,284,79.30799999999999
284,283,79.30799999999999
284,55184,62.989
55184,284,62.989
284,285,81.148
285,284,81.148
285,2453,215.974
285,49982,68.155
49982,285,68.155
285,286,85.992
286,285,85.992
286,1529,216.717
1529,286,216.717
286,287,86.653
287,286,86.653
287,44105,178.94299999999998
44105,287,178.94299999999998
287,1822,216.804
287,288,80.064
288,287,80.064
288,42489,216.82299999999998
42489,288,216.82299999999998
288,289,81.01
289,288,81.01
289,43817,225.924
43817,289,225.924
289,653,216.25099999999998
289,290,81.148
290,289,81.148
290,52290,218.553
52290,290,218.553
290,291,80.799
291,290,80.799
291,50296,222.865
291,2609,214.97599999999997
291,292,80.12599999999999
292,291,80.12599999999999
292,293,86.85
293,292,86.85
293,294,86.38499999999999
294,293,86.38499999999999
293,3109,216.01
3109,293,216.01
293,2902,227.99900000000002
2902,293,227.99900000000002
294,1800,226.897
294,295,80.43699999999998
295,294,80.43699999999998
295,2952,216.87199999999999
295,296,80.58
296,295,80.58
296,1893,226.9
296,297,80.30000000000001
297,296,80.30000000000001
297,2728,216.936
297,298,81.176
298,297,81.176
298,1351,226.68300000000002
298,299,80.119
299,298,80.119
299,3110,216.96
299,300,87.28999999999999
300,299,87.28999999999999
300,301,85.101
301,300,85.101
300,528,225.911
528,300,225.911
300,527,217.18599999999998
527,300,217.18599999999998
301,3032,216.767
301,302,79.563
302,301,79.563
302,2526,223.911
302,303,81.927
303,302,81.927
303,1543,216.006
303,304,77.93699999999998
304,303,77.93699999999998
304,305,83.92699999999999
305,304,83.92699999999999
304,1544,296.14
305,3111,215.839
305,52370,68.485
52370,305,68.485
306,49591,27.585
306,1131,34.038
307,1830,77.30600000000001
308,307,271.69399999999996
308,2155,87.105
309,44952,18.204
309,413,80.197
310,309,105.01100000000001
310,805,78.87599999999999
805,310,78.87599999999999
310,806,87.289
806,310,87.289
311,310,157.107
311,1832,80.12899999999999
1832,311,80.12899999999999
312,2208,79.30199999999999
2208,312,79.30199999999999
313,312,140.988
313,2371,88.66499999999999
2371,313,88.66499999999999
313,3068,79.11599999999999
3068,313,79.11599999999999
314,313,133.95700000000002
314,1083,79.487
1083,314,79.487
314,1084,88.306
1084,314,88.306
315,314,118.61200000000001
315,2817,79.46000000000001
2817,315,79.46000000000001
315,2372,88.185
2372,315,88.185
316,315,89.47200000000001
316,493,91.076
493,316,91.076
316,492,85.627
492,316,85.627
317,2374,116.334
317,182,85.425
318,317,84.17500000000001
319,41381,55.547
319,41377,92.939
320,54698,85.013
54698,320,85.013
320,2374,85.81799999999998
2374,320,85.81799999999998
320,318,112.605
320,321,398.998
321,43913,103.08
322,323,224.235
322,321,250.351
323,54847,327.719
324,1876,183.79
325,324,77.263
325,50343,145.50900000000001
326,3038,138.258
327,326,78.024
328,2346,92.983
328,327,78.373
329,328,86.75399999999999
329,50354,245.001
330,1731,43.857
1731,330,43.857
330,329,87.569
330,2535,110.94
2535,330,110.94
333,688,200.68200000000002
334,333,84.465
334,1803,139.918
335,1712,200.97
335,245,85.59100000000001
336,691,79.60600000000001
336,335,82.92500000000001
338,337,85.596
338,696,81.77
339,1970,165.03799999999998
339,338,83.296
340,698,132.932
340,339,79.329
341,340,85.25899999999999
341,1971,120.655
343,1973,74.36
343,342,82.15
344,343,87.6
344,1677,50.291000000000004
1677,344,50.291000000000004
347,1978,66.09700000000001
347,346,80.484
349,1979,81.62599999999999
349,348,80.12400000000001
351,1981,88.387
351,350,80.612
352,351,77.681
353,1983,104.86
355,354,78.166
356,355,93.368
356,1390,94.55799999999999
1390,356,94.55799999999999
357,356,93.59799999999998
358,1482,97.27799999999999
358,55388,13.254999999999999
361,360,35.823
362,1250,105.859
362,361,32.628
364,2018,132.578
364,363,68.214
365,3020,127.188
365,364,10.951
366,54568,132.854
367,54360,41.757999999999996
367,45622,140.924
368,2461,163.815
368,41745,66.531
369,731,139.87
731,369,139.87
370,611,116.952
370,369,69.248
371,370,70.501
371,2946,170.00199999999998
2946,371,170.00199999999998
372,51953,76.531
373,3017,176.746
373,372,77.03200000000001
374,2479,151.77100000000002
374,373,80.04599999999999
375,374,68.025
376,2068,82.33600000000001
2068,376,82.33600000000001
376,375,33.403
377,376,70.37299999999999
377,1920,80.673
378,2914,81.18599999999999
379,955,80.50500000000001
380,2139,80.69200000000001
381,2806,80.583
382,46073,15.427
382,2745,83.619
383,2483,115.221
383,45806,90.25599999999999
384,2046,82.32000000000001
384,383,81.295
385,2484,111.09700000000001
385,384,77.429
386,2808,80.64
386,385,78.758
388,1874,122.174
1874,388,122.174
388,387,65.858
389,2485,124.17399999999999
389,388,68.943
390,2785,228.958
390,389,74.65100000000001
391,390,75.134
392,3066,195.914
392,391,79.783
393,2614,104.797
393,392,86.332
394,1611,125.504
394,393,86.44000000000001
395,2058,80.978
2058,395,80.978
395,394,92.15200000000002
395,1815,97.356
1815,395,97.356
396,918,136.941
399,45049,111.876
399,37,91.077
400,399,90.683
401,400,136.667
402,401,47.8
402,52356,19.826999999999998
403,1896,199.90699999999998
404,403,88.84900000000002
405,44949,18.574
405,404,89.772
406,405,89.14899999999999
406,45920,77.59100000000001
407,44928,20.851
407,406,90.53999999999999
408,800,234.153
800,408,234.153
408,44914,94.125
408,52404,42.57599999999999
52404,408,42.57599999999999
409,408,90.603
410,44918,20.195
410,409,85.06499999999998
411,803,158.202
411,410,82.383
412,44924,18.734
412,411,85.32000000000001
413,412,84.071
414,44915,17.446
44915,414,17.446
414,806,104.796
806,414,104.796
414,309,87.02799999999999
415,807,105.407
415,12,81.377
416,44956,18.051
416,415,80.8
417,416,79.815
417,809,107.57400000000001
418,22,81.177
418,810,114.874
419,44929,16.849
44929,419,16.849
419,811,120.85199999999999
811,419,120.85199999999999
419,418,87.444
420,419,85.675
420,812,126.85
421,44954,16.774
421,420,80.092
422,44936,18.028
422,44,79.43799999999999
423,422,81.333
423,815,127.905
424,44945,18.045
424,423,78.783
425,424,79.647
425,817,127.293
426,44958,19.236
426,425,79.792
427,426,79.418
427,44926,23.079
428,820,126.31099999999999
820,428,126.31099999999999
428,427,86.964
428,44953,22.573
44953,428,22.573
429,428,85.21200000000002
430,44942,18.258
430,429,79.465
431,823,127.398
431,430,80.171
432,44927,19.064
432,431,79.89800000000001
433,825,127.659
433,432,79.77499999999999
434,44951,19.745
434,433,79.164
435,827,126.73299999999999
435,434,80.45200000000001
436,44917,19.567
436,435,79.96199999999999
437,829,92.327
437,436,84.22500000000001
438,830,20.076
438,7,95.257
439,43883,79.279
439,2123,135.739
440,49263,18.944
49263,440,18.944
440,2124,116.774
2124,440,116.774
440,439,77.572
441,53936,135.845
441,440,82.826
442,43617,17.968
442,441,79.49399999999999
443,838,167.316
443,442,79.66100000000002
444,43619,17.707
444,443,80.302
445,50537,191.277
445,444,80.45600000000002
446,45616,85.188
447,51975,22.416
51975,447,22.416
447,2292,84.7
2292,447,84.7
447,27,169.411
448,43622,26.71
43622,448,26.71
448,53499,162.289
53499,448,162.289
448,447,81.477
449,47522,19.839
47522,449,19.839
449,1772,267.409
1772,449,267.409
449,53506,78.55
450,43624,19.957
43624,450,19.957
450,552,268.054
552,450,268.054
450,449,79.766
451,43625,20.81
43625,451,20.81
451,53503,165.74299999999997
451,53248,223.999
53248,451,223.999
452,2126,180.118
452,43627,78.307
453,47190,492.433
453,452,80.52000000000001
454,2127,193.688
454,453,78.77799999999999
455,43631,18.629
455,454,79.393
456,2128,185.27200000000002
456,455,79.231
457,43633,18.918
457,456,80.138
458,2129,145.164
458,457,78.64
459,43635,18.071
459,458,78.29
460,43636,19.594
43636,460,19.594
460,1222,135.98000000000002
1222,460,135.98000000000002
460,459,86.745
461,43637,19.91
461,460,84.543
462,2132,119.427
462,461,79.531
463,43639,19.682
463,462,79.23
464,1233,132.845
464,463,79.843
465,43641,18.616
465,464,78.635
466,465,78.596
466,2113,161.633
467,43643,20.144
467,466,79.849
468,467,79.792
468,2115,272.554
469,468,163.926
470,43646,18.234
470,469,85.773
471,2921,39.542
471,43892,53.55
472,43648,18.121
472,471,79.441
472,47425,86.071
47425,472,86.071
473,43650,18.311
473,165,79.182
474,167,106.25500000000001
474,473,78.851
475,43652,18.302
475,474,80.29299999999999
476,169,140.606
476,475,75.41699999999999
477,43654,18.307
477,476,82.31
478,43655,18.306
43655,478,18.306
478,477,95.72000000000001
479,43656,18.307
43656,479,18.307
479,478,87.28800000000001
480,43657,17.439
43657,480,17.439
480,54406,69.697
481,47419,11.365
481,47521,17.48
482,47420,40.871
47420,482,40.871
482,174,229.26899999999998
482,483,86.54999999999998
483,482,86.54999999999998
483,175,189.464
483,484,80.96499999999999
484,483,80.96499999999999
484,1077,100.50999999999999
484,485,84.106
485,484,84.106
485,177,159.138
485,486,84.13799999999999
486,485,84.13799999999999
486,2814,38.164
486,487,89.62700000000001
487,486,89.62700000000001
487,488,82.688
488,487,82.688
487,179,140.059
488,489,69.184
489,488,69.184
489,181,129.163
489,490,18.767
490,489,18.767
490,491,80.744
491,490,80.744
491,2816,121.956
491,492,80.599
492,491,80.599
492,41379,164.757
493,494,70.994
494,493,70.994
493,2372,73.854
2372,493,73.854
493,2373,84.47
2373,493,84.47
494,495,78.85499999999999
495,494,78.85499999999999
495,1770,94.724
1770,495,94.724
495,496,74.03399999999999
496,495,74.03399999999999
496,3033,85.011
3033,496,85.011
496,2819,105.485
2819,496,105.485
496,497,80.086
497,496,80.086
497,2820,116.39099999999999
497,498,56.037
498,497,56.037
498,2517,84.929
2517,498,84.929
498,499,114.12400000000001
499,498,114.12400000000001
499,1487,86.886
1487,499,86.886
499,500,135.039
500,499,135.039
500,2874,84.927
500,501,138.053
501,500,138.053
501,3034,83.41499999999999
3034,501,83.41499999999999
501,502,26.086
502,501,26.086
502,3000,106.97800000000001
3000,502,106.97800000000001
503,54592,95.214
54592,503,95.214
504,2325,180.48499999999999
2325,504,180.48499999999999
505,836,160.66699999999997
505,506,169.65699999999998
506,505,169.65699999999998
505,45935,91.91999999999999
45935,505,91.91999999999999
506,836,130.555
506,507,81.518
507,506,81.518
507,43912,33.574
43912,507,33.574
508,2088,97.948
508,509,129.885
509,508,129.885
508,43912,52.568
43912,508,52.568
509,1995,141.231
509,510,80.693
510,509,80.693
510,1739,119.899
1739,510,119.899
510,511,176.37900000000002
511,510,176.37900000000002
510,2503,98.417
2503,510,98.417
511,1740,117.704
1740,511,117.704
511,2983,99.064
2983,511,99.064
512,847,117.052
847,512,117.052
512,846,98.618
846,512,98.618
512,513,131.2
513,512,131.2
513,2984,108.988
2984,513,108.988
513,50654,22.924999999999997
50654,513,22.924999999999997
513,1741,104.245
1741,513,104.245
514,2810,190.88400000000001
514,515,92.843
515,514,92.843
514,50654,85.6
50654,514,85.6
515,516,86.43299999999999
516,515,86.43299999999999
516,628,101.754
516,517,96.467
517,516,96.467
517,3049,66.14699999999999
3049,517,66.14699999999999
517,518,85.92399999999999
518,517,85.92399999999999
518,45680,54.246
45680,518,54.246
518,2592,42.403
2592,518,42.403
519,227,81.48299999999999
520,45672,11.51
45672,520,11.51
520,45502,186.323
521,2794,86.68299999999999
522,44076,144.94599999999997
44076,522,144.94599999999997
522,2568,85.66300000000001
523,44076,17.31
44076,523,17.31
523,3031,85.677
523,524,147.66
524,523,147.66
524,525,154.927
525,524,154.927
524,2674,87.31200000000001
525,526,215.61599999999999
526,525,215.61599999999999
525,2859,85.05799999999999
526,527,228.24599999999998
527,526,228.24599999999998
526,2264,87.47999999999999
527,3032,84.498
528,2905,85.67999999999999
2905,528,85.67999999999999
528,2904,87.606
2904,528,87.606
529,190,49.665
530,52467,87.269
531,532,310.553
531,1857,81.265
532,533,273.11199999999997
532,678,87.862
533,534,211.924
533,1858,80.7
534,970,77.073
534,969,74.912
969,534,74.912
535,970,37.843999999999994
536,52406,68.153
52406,536,68.153
536,1521,129.925
537,1521,69.152
537,536,139.035
538,3035,88.801
3035,538,88.801
538,831,81.753
831,538,81.753
539,832,84.398
540,541,139.25
540,2205,79.751
2205,540,79.751
541,542,134.05700000000002
541,3050,82.601
3050,541,82.601
541,3075,80.678
3075,541,80.678
542,543,116.679
542,1078,82.683
1078,542,82.683
542,1077,80.776
1077,542,80.776
543,485,12.31
543,2814,82.382
544,2828,104.911
545,546,25.882
545,45060,52.162
546,48314,56.30799999999999
547,1161,81.377
1161,547,81.377
547,1162,142.302
548,2588,155.69199999999998
2588,548,155.69199999999998
548,1773,82.023
549,548,302.279
549,1186,77.938
550,46792,15.288
550,1775,80.28999999999999
551,550,266.128
551,1188,79.663
1188,551,79.663
551,1407,81.69399999999999
1407,551,81.69399999999999
552,1185,80.124
1185,552,80.124
552,1772,77.40599999999999
1772,552,77.40599999999999
553,2355,157.05399999999997
553,1295,78.369
554,2118,81.144
554,824,173.343
555,2811,72.98999999999998
555,556,125.66499999999999
556,638,69.44500000000001
556,557,117.792
557,558,161.672
558,557,161.672
557,639,69.767
558,41575,28.598
41575,558,28.598
558,2813,135.58599999999998
559,49288,80.995
559,2639,60.514
2639,559,60.514
559,560,32.772999999999996
560,559,32.772999999999996
560,2636,23.372999999999998
2636,560,23.372999999999998
560,561,104.52999999999999
561,560,104.52999999999999
561,2458,164.939
2458,561,164.939
561,2639,172.526
2639,561,172.526
562,2895,17.601
562,53180,126.653
563,48814,69.585
563,564,141.07500000000002
564,565,109.18599999999999
564,1753,69.475
1753,564,69.475
564,2896,79.208
2896,564,79.208
565,947,69.62
565,43472,99.796
566,567,143.758
566,598,77.55199999999999
567,1642,77.24600000000001
567,568,137.611
568,927,69.47
568,46061,141.29799999999997
569,325,160.907
569,1876,75.126
570,682,73.961
571,570,274.039
571,1877,74.349
572,571,273.56399999999996
572,1366,74.694
573,55006,9.79
573,1878,74.797
574,573,269.703
574,3039,74.252
575,50478,77.548
575,574,168.15500000000003
576,577,154.01500000000001
576,3092,79.139
577,44052,146.278
577,2449,80.282
578,579,147.409
578,2450,81.19200000000001
579,580,153.601
579,2669,78.85100000000001
580,581,215.313
580,2452,80.96699999999998
581,582,231.141
581,2257,79.759
582,284,215.343
582,2453,81.404
583,671,19.548000000000002
584,583,167.825
584,906,26.017
585,586,173.69899999999998
586,585,173.69899999999998
585,2417,120.291
2417,585,120.291
585,2418,82.764
2418,585,82.764
586,45679,13.078
45679,586,13.078
586,519,85.49
587,588,117.522
588,587,117.522
587,1242,85.027
587,45679,90.042
45679,587,90.042
588,589,86.68900000000001
589,588,86.68900000000001
589,3047,162.74099999999999
3047,589,162.74099999999999
589,590,122.554
590,589,122.554
590,1034,120.182
591,2446,79.717
592,1039,93.679
1039,592,93.679
592,49807,204.39200000000002
592,1038,93.723
1038,592,93.723
593,592,61.963
593,1399,80.01299999999999
1399,593,80.01299999999999
593,1400,79.57499999999999
1400,593,79.57499999999999
594,593,140.041
594,2447,79.93399999999998
2447,594,79.93399999999998
594,2711,79.56899999999999
2711,594,79.56899999999999
595,594,133.763
595,2000,79.378
2000,595,79.378
595,1999,79.69500000000001
1999,595,79.69500000000001
596,45954,9.949
45954,596,9.949
596,642,80.643
642,596,80.643
596,45955,47.305
597,43482,16.674
43482,597,16.674
597,938,100.32000000000001
938,597,100.32000000000001
597,43473,69.467
598,1642,144.262
598,43482,70.507
599,43480,16.888
599,43475,43.141999999999996
600,43480,43.474000000000004
600,1639,143.77
601,43474,17.284
601,600,68.23100000000001
602,43476,17.397
43476,602,17.397
602,601,74.06899999999999
603,1636,143.813
603,602,71.696
604,1352,57.58
604,50886,75.015
605,50130,37.052
605,1353,64.283
606,605,77.247
607,606,78.544
607,1355,64.363
607,1645,131.691
1645,607,131.691
608,607,149.563
609,1357,64.766
609,608,77.03500000000001
610,1885,93.834
610,2003,45.628
2003,610,45.628
610,2002,40.105999999999995
2002,610,40.105999999999995
611,612,50.951
612,613,125.44900000000001
612,2946,70.72699999999999
613,614,102.611
613,733,67.285
614,1494,37.785
615,360,115.11399999999998
615,1249,56.528999999999996
616,1252,52.215
617,2387,70.557
618,617,75.908
618,3060,85.843
3060,618,85.843
619,53142,22.446
620,2537,78.73
620,50348,151.199
621,622,150.433
622,623,154.755
622,46940,78.623
623,2838,78.389
623,624,214.489
624,625,128.951
625,624,128.951
624,2231,77.829
625,626,100.506
626,625,100.506
626,2597,157.401
627,3162,183.47
3162,627,183.47
627,3047,81.563
3047,627,81.563
628,1894,80.722
1894,628,80.722
628,3049,84.688
3049,628,84.688
630,629,154.594
630,889,79.71799999999999
631,44051,17.482
631,890,79.697
632,2666,79.57900000000001
633,632,154.999
633,892,79.44399999999999
634,633,215.94800000000004
634,2254,78.934
635,894,78.264
635,52780,138.81699999999998
636,2150,79.70599999999999
637,48309,156.35999999999999
48309,637,156.35999999999999
637,555,70.39
638,637,128.077
638,3041,68.865
639,638,94.56500000000001
639,41743,76.93400000000001
640,641,25.445
641,640,25.445
641,180,79.21199999999999
642,2137,79.18
643,644,76.033
644,643,76.033
643,960,83.07900000000001
644,645,75.91799999999999
645,644,75.91799999999999
644,50869,90.432
645,646,35.739000000000004
646,645,35.739000000000004
645,2138,98.723
646,957,67.242
647,1911,80.193
648,647,153.822
648,2562,81.04599999999999
649,44058,17.565
649,3055,80.799
650,649,147.35399999999998
650,1914,80.991
651,650,155.036
651,2855,80.596
652,651,215.898
652,1916,81.82199999999999
653,652,228.08800000000002
653,3056,79.231
654,43845,72.73700000000001
654,664,44.2
655,122,101.908
656,49784,9.075
656,657,82.053
657,658,93.143
657,3016,94.727
658,2699,80.812
658,659,86.98599999999999
659,660,43.009
659,2070,95.449
660,49785,76.899
661,50921,89.638
662,950,58.794999999999995
662,663,63.476
663,655,17.328
663,664,155.898
664,665,85.78699999999999
664,1906,63.342999999999996
665,666,82.307
666,667,82.21799999999999
666,1883,178.338
667,50811,8.261
668,1597,124.40299999999999
668,869,135.62800000000001
668,45812,107.612
668,669,96.82
669,670,61.93700000000001
670,671,81.271
671,45815,135.549
671,672,77.325
672,45816,140.90800000000002
672,673,77.892
673,1117,64.472
673,674,93.589
674,963,46.593999999999994
963,674,46.593999999999994
674,1747,154.792
674,30,60.935
675,780,308.55100000000004
676,778,271.139
676,677,81.496
677,532,80.806
677,1857,308.95300000000003
678,679,86.97099999999999
678,2057,309.428
2057,678,309.428
678,1939,273.84599999999995
1939,678,273.84599999999995
679,680,81.35
679,1940,274.484
680,681,74.473
681,570,74.668
682,1942,274.032
682,212,74.631
683,684,78.157
684,685,86.054
684,1223,309.01900000000006
685,220,83.587
686,687,79.03
687,688,77.958
688,689,78.38499999999999
689,334,170.439
690,335,109.78699999999999
690,691,78.977
691,692,78.426
692,693,78.44399999999999
692,52450,47.922
694,695,82.607
695,337,51.407
696,697,76.885
697,339,108.921
697,698,78.464
699,341,153.42600000000002
699,700,77.922
701,702,84.196
702,703,85.722
703,704,79.57300000000001
704,705,79.751
705,706,78.908
706,707,79.519
708,709,79.922
709,710,80.868
709,1000,272.076
711,712,80.58200000000001
712,713,78.00999999999999
713,1982,272.959
715,716,77.41300000000001
716,717,85.89099999999999
716,875,310.558
718,719,84.757
720,2747,190.755
721,1277,79.861
722,1273,79.576
722,44083,25.398999999999997
723,1847,79.777
724,725,214.496
724,723,155.435
724,1275,80.828
725,1851,77.932
725,726,229.98199999999997
726,51959,248.154
726,1278,80.147
727,728,45.932
727,52063,62.928999999999995
728,729,88.18199999999999
728,734,98.351
729,614,35.134
730,50294,35.888
730,731,70.113
731,730,70.113
730,54675,56.318000000000005
732,50449,50.269
732,612,68.126
733,2462,75.25500000000001
734,729,39.93
734,733,72.31400000000001
735,1734,273.079
1734,735,273.079
735,41565,80.418
41565,735,80.418
735,41566,95.079
736,51957,9.391
737,2459,273.937
737,736,77.85
738,1265,228.911
738,737,77.817
739,1806,274.123
739,738,79.62
740,250,79.643
742,48856,140.68599999999998
48856,742,140.68599999999998
742,741,84.655
742,743,84.575
743,742,84.575
743,744,77.774
744,743,77.774
744,48859,106.645
744,745,78.57499999999999
745,744,78.57499999999999
745,746,79.08699999999999
746,745,79.08699999999999
746,43858,78.257
43858,746,78.257
746,1159,271.83500000000004
747,54622,14.131
747,43858,78.884
747,2775,267.11799999999994
2775,747,267.11799999999994
748,747,78.98299999999999
748,2993,268.10900000000004
749,54620,10.304
54620,749,10.304
749,748,86.446
749,41429,258.221
41429,749,258.221
750,53121,7.316
750,41425,238.833
751,2332,271.703
751,750,79.354
752,41426,200.19799999999998
752,751,79.334
753,752,79.47399999999999
753,3098,272.16499999999996
754,41427,198.476
754,753,79.442
756,41428,198.43800000000005
756,755,80.01100000000001
757,2007,272.036
757,756,79.87199999999999
758,757,78.639
758,41419,198.96599999999998
759,2601,272.598
760,759,78.764
761,2879,271.976
761,760,78.54400000000001
762,761,81.88799999999999
762,41593,194.033
763,879,272.84000000000003
763,762,77.85600000000001
764,53162,209.093
53162,764,209.093
764,765,84.77199999999999
765,764,84.77199999999999
764,3088,273.263
3088,764,273.263
764,763,86.47699999999999
765,2877,265.055
2877,765,265.055
765,766,79.818
766,765,79.818
766,46677,79.57
46677,766,79.57
766,50413,127.211
50413,766,127.211
767,870,112.62299999999999
870,767,112.62299999999999
767,54525,18.221
768,1508,186.206
768,871,35.337999999999994
768,767,104.17
769,872,34.531
769,768,48.245999999999995
770,907,99.82600000000001
770,769,49.671
771,851,104.224
771,770,92.522
773,772,46.364
773,910,123.56599999999999
773,1172,32.477000000000004
774,1111,86.215
774,50142,73.608
775,2935,102.02499999999999
775,774,89.783
776,1112,45.867
776,775,55.431999999999995
777,966,70.88499999999999
777,776,31.523
778,777,93.606
778,1114,73.73400000000001
778,967,73.973
967,778,73.973
778,966,77.591
966,778,77.591
779,3142,37.165
3142,779,37.165
779,2010,46.039
2010,779,46.039
780,29,74.706
781,391,226.52
781,3066,76.015
782,783,125.68499999999999
782,2964,77.047
783,49710,148.94299999999998
783,2835,76.442
2835,783,76.442
783,2779,74.479
2779,783,74.479
784,785,228.558
784,2225,74.779
785,786,213.48700000000002
785,3062,75.433
786,787,223.964
787,786,223.964
786,2781,74.42
2781,786,74.42
786,3063,76.24499999999999
3063,786,76.24499999999999
787,788,227.64499999999998
788,787,227.64499999999998
787,3064,76.4
3064,787,76.4
787,2782,74.338
2782,787,74.338
788,3065,75.05600000000001
3065,788,75.05600000000001
788,2783,75.611
2783,788,75.611
789,2784,75.5
2784,789,75.5
789,41891,63.777
41891,789,63.777
789,2620,156.38
2620,789,156.38
790,2414,305.894
790,41890,61.563
41890,790,61.563
791,184,227.139
791,2373,63.135
2373,791,63.135
792,65,161.204
792,2949,295.578
793,3029,64.852
3029,793,64.852
793,794,79.901
794,793,79.901
794,43877,99.159
43877,794,99.159
794,3139,111.024
3139,794,111.024
794,795,79.194
795,794,79.194
795,2148,275.41299999999995
795,43876,98.886
43876,795,98.886
795,796,80.02
796,795,80.02
796,797,82.541
797,796,82.541
796,2149,275.959
797,1824,111.263
1824,797,111.263
797,798,311.888
798,797,311.888
798,2151,275.97799999999995
798,1826,160.714
1826,798,160.714
798,799,82.27399999999999
799,798,82.27399999999999
799,43874,175.176
43874,799,175.176
799,800,86.99799999999999
800,799,86.99799999999999
800,801,86.60499999999999
801,800,86.60499999999999
801,998,133.36
801,802,80.468
802,801,80.468
802,410,182.072
802,803,81.006
803,802,81.006
803,2108,165.646
803,804,80.54400000000001
804,803,80.54400000000001
804,805,81.993
805,804,81.993
805,1832,170.495
807,2105,118.864
807,808,80.306
808,807,80.306
808,416,107.06599999999999
808,809,80.246
809,808,80.246
809,1665,178.13199999999998
810,2104,240.084
810,811,87.451
811,810,87.451
811,812,85.41999999999999
812,811,85.41999999999999
811,2103,240.93099999999998
2103,811,240.93099999999998
812,813,80.114
813,812,80.114
812,1200,240.738
813,421,127.48000000000002
814,422,127.648
814,815,81.34299999999999
815,814,81.34299999999999
815,816,78.20599999999999
816,815,78.20599999999999
815,2102,149.254
816,817,79.963
817,816,79.963
816,424,128.663
817,818,79.595
818,817,79.595
817,2100,160.688
818,426,127.665
818,819,80.39
819,818,80.39
819,820,84.886
820,819,84.886
819,427,126.236
820,43707,194.462
43707,820,194.462
820,821,86.652
821,820,86.652
821,43887,134.40699999999998
821,822,78.98600000000002
822,821,78.98600000000002
822,430,127.95200000000001
822,823,80.39
823,822,80.39
823,2117,159.564
823,824,80.335
824,823,80.335
824,432,128.041
824,825,79.39099999999999
825,824,79.39099999999999
825,2118,158.99
825,826,79.88499999999999
826,825,79.88499999999999
826,434,127.681
826,827,79.39399999999999
827,826,79.39399999999999
827,2120,143.442
827,828,80.14900000000002
828,827,80.14900000000002
828,436,115.97800000000001
828,829,80.091
829,828,80.091
829,1738,143.457
830,8,86.638
831,3080,101.92099999999999
832,831,96.922
832,43857,164.04899999999998
43857,832,164.04899999999998
833,384,111.33899999999998
833,2484,75.503
834,833,178.81
834,1706,86.696
835,2931,77.809
2931,835,77.809
835,2773,74.894
2773,835,74.894
836,256,84.97999999999999
837,1324,83.05199999999999
1324,837,83.05199999999999
837,1323,251.974
1323,837,251.974
838,50539,22.343
838,50536,85.229
839,48752,13.399
839,2973,79.59900000000002
840,46797,129.037
840,1098,93.59400000000001
1098,840,93.59400000000001
840,1097,92.08
1097,840,92.08
841,842,265.625
841,1655,80.028
842,1394,80.415
1394,842,80.415
842,843,140.369
842,1395,79.501
1395,842,79.501
843,1656,79.835
1656,843,79.835
843,2708,79.97399999999999
2708,843,79.97399999999999
844,845,38.181
845,844,38.181
845,3009,119.966
3009,845,119.966
845,846,79.816
846,845,79.816
845,3162,133.15099999999998
